-32.565999135929374
-28.761698813158507
-34.181483324189145
-43.86063889324826
-43.17699397506146
-34.89687626667357
-31.707091511146245
-44.56478720614463
-44.56478720614463
-44.56478720614463
-49.99999999938218
-26.415554472124818
-44.365310565306814
-26.17896623504053
-25.526050934774275
-28.336234150543778
-32.47971833491669
-27.60272666714349
-22.876702048108896
-23.10709813316333
-23.274294201563684
-23.46531256664479
-23.778377532730794
-17.05011935104926
-31.189945340351347
-34.99999998156381
-29.41519654481367
-29.646837141444813
-29.905507278740032
-43.651649315363315
-29.999999995129976
-28.715313609155732
-4.05134501434164
18.844195598434794
19.47235054541482
19.305789572221677
20.284514280600398
32.17819948756041
20.22271495331404
20.187417160245047
20.15968124854447
20.082541979003206
10.000000008060821
20.625453235248703
20.27705889983987
20.000000002175017
19.78952451994927
19.925383450872914
19.905002230168353
19.913353847298552
19.923553565171687
19.926127585319808
19.93291510121947
19.937908776067875
19.940311238973052
19.938951733836834
19.928223332763686
19.93012307915905
19.966022721439042
19.975599032769146
19.97692621776023
19.973737646528946
19.97750057380069
19.9834916320584
19.999999999349438
19.96085382081752
19.96683899494803
21.99863990811412
18.815192292052114
9.900326890912957
7.57527330826167
-4.210022974108847
7.57527330826167
13.839039703071505
15.047649046083954
16.679201906198966
19.03310424447656
19.148942503675748
19.368141534600653
20.000000000190816
21.289408929023836
19.999999985601583
19.999999992051308
19.99999999479938
19.999999995490136
19.999999995488825
19.99999999535407
19.99999999682463
19.99999999760094
19.999999997920394
19.99999999818794
19.99999999862821
19.999999999381284
19.999999998822794
19.99999999788624
19.999999994783398
20.000000001144816
20.00000000416048
19.999999998960792
20.000000000633996
20.00000000097467
20.00000000019448
20.000000001160444
20.000000001720235
20.000000003315307
20.00000000322499
20.00000000382256
20.000000004476288
20.000000004500016
20.00000000321628
20.000000000580823
20.000000004425246
-31.993537855240316
-29.009242006915365
-29.059202524330082
21.998639908247508
-26.41555447091585
15.813281639238573

19.999999994132974
19.99999999480784
19.999999992146957
19.999999991445883
19.999999991372857
19.999999993764426
19.99999999454103
19.99999999099397
19.999999990853546
19.999999990713118
19.99999999105131
19.99999999453699
19.999999992863412
19.99999999541954
19.999999994842888
19.99999999509357
19.99999999436917
19.99999999515664
19.999999994966004
19.99999999310484
19.99999999432289
19.999999994490114
19.999999993699966
19.999999992703607
19.99999999383732
19.99999999346866
19.9999999952367
19.99999999591726
19.999999995709533
19.99999999365785
19.999999993899753
19.999999995117907
19.999999996083204
19.9999999963651
19.999999997523958
19.99999999740753
19.99999999642267
19.999999996269956
19.999999997656804
19.99999999788006
19.999999998452054
19.999999997735074
19.9999999949151
19.999999996559865
19.9999999969611
19.999999996969343
19.999999997170264
19.99999999727192
19.99999999641993
19.999999997887357
19.999999997387036
19.99999999672488
19.99999999443849
19.99999999538868
19.999999997662645
19.99999999792514
19.999999998418446
19.999999998049503
19.9999999966157
19.999999996593235
19.999999996408533
19.999999997022375
19.999999996511864
19.999999996455973
19.999999996424847
19.999999996447926
19.999999997195086
19.999999997107633
19.999999996783732
19.9999999963217
19.99999999502381
19.999999993856434
19.99999999502381
19.999999997367098
19.99999999741454
19.999999999377266
19.999999998692147
19.999999999616872
19.999999999539252
19.999999998373617
19.99999999768189
20.000000000006935
20.00000000058068
20.000000000869036
20.000000000100663
20.000000000043887
19.999999999872262
19.999999999422972
19.99999999917692
19.999999999194834
19.999999999371003
19.999999999505356
20.00000000039203
20.000000000310198
20.000000000529305
19.999999999816154
19.999999999692896
19.999999999818325
19.999999999261874
20.000000000115595
20.00000000100841
20.000000000930683
20.000000000435502
20.000000000943544
20.00000000212639
20.000000002090967
20.000000002571685
20.00000000298044
20.000000002915925
20.00000000178906
19.999999999314344
20.00000000277521
19.99999999452593
19.999999996130086
19.999999996246082
19.999999997219902
19.999999995523137
19.99999999899765

19.999999993812867
19.999999994350592
19.99999999220269
19.999999991748286
19.99999999166429
19.999999993545355
19.999999994171556
19.999999991317328
19.99999999117232
19.999999991027316
19.99999999157585
19.999999994072297
19.99999999306971
19.99999999489706
19.999999994548048
19.999999994623714
19.999999994122263
19.99999999482809
19.99999999467949
19.999999993181394
19.99999999419158
19.99999999430729
19.9999999935747
19.999999992834304
19.9999999936566
19.999999993336885
19.999999994820207
19.99999999540494
19.999999995206252
19.999999993524277
19.999999993719626
19.999999994738396
19.999999995636397
19.999999995890807
19.999999996890203
19.999999996787228
19.999999995934612
19.999999995801094
19.99999999696303
19.999999997173074
19.99999999767441
19.99999999705988
19.99999999471989
19.9999999960844
19.999999996406405
19.999999996372914
19.999999996595665
19.9999999966551
19.999999995939376
19.999999997175728
19.999999996775443
19.99999999622564
19.999999994329162
19.999999995079918
19.999999996953864
19.99999999715288
19.999999997611546
19.9999999973147
19.99999999606672
19.99999999606105
19.9999999958989
19.999999996448135
19.99999999598986
19.9999999959522
19.999999995949718
19.999999995960845
19.999999996608125
19.999999996593072
19.999999996323393
19.99999999592962
19.999999994799392
19.999999993809052
19.999999994799392
19.99999999683628
19.99999999688979
19.999999998625395
19.9999999980347
19.9999999988599
19.999999998802476
19.999999997782584
19.999999997136644
19.999999999242245
19.999999999806203
20.000000000073154
19.999999999430422
19.999999999365535
19.999999999199005
19.999999998937632
19.999999998733525
19.99999999875496
19.999999998886828
19.99999999898719
19.99999999969684
19.999999999571866
19.999999999736275
19.999999999081577
19.999999998934637
19.999999999035392
19.999999998562895
19.999999999320288
20.000000000141284
20.000000000109207
19.999999999556778
20.000000000019657
20.000000001003876
20.000000000991378
20.000000001405464
20.00000000171279
20.00000000161661
20.00000000060489
19.999999998379618
20.000000001461242
19.999999994251716
19.999999995606473
19.99999999570123
19.999999996692186
19.999999994928647
19.99999999826595

19.99999999462649
19.999999995051766
19.999999993274468
19.9999999929035
19.99999999281299
19.99999999438002
19.9999999949066
19.999999992499557
19.999999992335066
19.999999992170576
19.999999992861593
19.999999994735717
19.99999999410241
19.99999999546669
19.999999995137166
19.99999999521963
19.999999994750457
19.99999999540931
19.999999995283716
19.999999994124988
19.99999999493937
19.999999994959186
19.999999994185682
19.999999993519015
19.999999994265792
19.999999993991345
19.999999995325034
19.999999995880653
19.999999995716536
19.999999994211393
19.99999999444952
19.99999999529278
19.999999995980193
19.999999996080984
19.99999999696784
19.9999999968834
19.99999999609253
19.99999999588447
19.999999996965805
19.999999997128484
19.99999999754307
19.99999999697356
19.999999995157626
19.999999996250367
19.999999996422464
19.99999999631594
19.999999996530168
19.99999999659148
19.999999995949974
19.9999999970463
19.999999996743778
19.999999996313974
19.999999994715775
19.99999999521706
19.999999996800867
19.999999996971734
19.99999999741692
19.99999999718373
19.999999996011184
19.999999996013617
19.999999995862954
19.999999996384364
19.99999999595419
19.999999995928817
19.999999995955704
19.999999995959516
19.99999999654129
19.999999996514582
19.999999996296836
19.99999999600205
19.99999999509556
19.999999994301046
19.99999999509556
19.999999996791693
19.99999999680439
19.999999998325833
19.999999997778527
19.99999999852291
19.999999998468454
19.99999999755009
19.99999999699035
19.999999998871754
19.999999999388884
19.999999999632458
19.99999999904507
19.99999999897514
19.999999998811635
19.999999998636838
19.99999999845528
19.9999999984775
19.999999998589885
19.999999998675637
19.999999999305984
19.999999999174197
19.999999999323684
19.99999999872386
19.999999998581863
19.999999998654033
19.999999998226723
19.99999999889312
19.99999999966396
19.999999999652
19.999999999081535
19.999999999518963
20.000000000391253
20.000000000393413
20.000000000766807
20.00000000101484
20.000000000897295
19.99999999995189
19.99999999785856
20.000000000732147
19.999999994862968
19.999999996066887
19.99999999614138
19.9999999966057
19.999999995515974
19.99999999801174

19.99999998519297
19.999999985878503
19.999999983592183
19.99999998315683
19.99999998308498
19.99999998501357
19.999999985690156
19.999999982561036
19.999999982482336
19.999999982403637
19.99999998299972
19.999999985814213
19.999999984796304
19.999999986915064
19.999999987484
19.999999986588957
19.999999986655
19.999999987587277
19.99999998777494
19.999999985895887
19.999999987048593
19.999999987380793
19.999999987000557
19.99999998716993
19.999999986539514
19.999999985991863
19.999999987473714
19.999999987844834
19.9999999875191
19.999999985613822
19.999999986015613
19.999999987337638
19.999999990372174
19.999999992537557
19.99999999351156
19.999999993373308
19.999999992750034
19.999999993665085
19.99999999381967
19.999999994169254
19.99999999480303
19.999999994325695
19.99999999123674
19.999999992929443
19.99999999362333
19.999999993757065
19.999999994053546
19.999999993999435
19.999999993411915
19.99999999451194
19.99999999401012
19.99999999332148
19.999999991363303
19.99999999256507
19.99999999443231
19.9999999945771
19.999999994938573
19.999999994592834
19.999999993647645
19.999999993653745
19.999999993520582
19.999999993957104
19.999999993572903
19.999999993540236
19.999999993505387
19.999999993486174
19.99999999407663
19.99999999435958
19.999999993847855
19.999999992809755
19.99999999105679
19.999999989123417
19.99999999105679
19.999999993991345
19.999999994317083
19.999999996374388
19.99999999608931
19.99999999691308
19.999999996916795
19.999999995972686
19.99999999510538
19.999999997547345
19.9999999983407
19.999999998665142
19.999999998233942
19.999999998166167
19.999999998009205
19.999999998010548
19.999999997850257
19.99999999788189
19.999999997952365
19.99999999800714
19.999999998473896
19.99999999821728
19.999999998202924
19.999999997454218
19.9999999971751
19.99999999743599
19.999999997037836
19.999999998034696
19.999999998820623
19.999999998857845
19.999999998218705
19.99999999863058
19.999999999459902
19.99999999945948
19.99999999981703
20.000000000058066
19.99999999995109
19.9999999990584
19.999999997136435
19.999999999800224
19.99999998675044
19.99999998811242
19.999999988211613
19.999999994446583
19.999999986556038
19.999999995820193

-50.83303782791119
-50.22871444627756
-51.08966185559014
-52.29374844677762
-52.51862301759536
-51.20330395522399
-50.696598031299224
-55.00000034257398
-55.00000034257398
-55.00000034257398
-50.274299232282026
-49.85602308109396
-47.2741010784166
-46.501267963662315
-37.24311132816198
-48.795953765359656
-46.50906517730846
-40.15651340075646
-34.000604566291024
-34.28553297891154
-34.492302606742804
-34.72853301739928
-35.11569717972319
-26.647642341840058
-44.34208760078399
-49.04319721189117
-42.318309130868364
-42.65667591509737
-43.03452584109457
-59.718202078836015
-43.17255516832876
-41.47594642290253
-10.042634070863581
19.003232097825567
19.778932056513295
19.57324818705523
20.781861955270184
35.71947486933782
20.60754915743292
20.507987284451822
20.429754648087833
20.212173622894706
19.181245198984033
19.441367332393412
19.536910786014637
19.562311367573795
19.50829599460076
19.679414214687053
19.711400399661997
19.73677228734091
19.767758652086385
19.775578436340815
19.796198677056964
19.81136923272467
19.818667813427133
19.81453768769946
19.78194521424893
19.787716577816756
19.896778322344662
19.92587079231739
19.929902730216355
19.92021597155765
19.93164760182632
19.949848209377254
20.000000002087088
19.881075403136595
19.89925813104031
22.527461756659687
18.487980996689526
7.271664918483553
4.345397721920463
-10.487346871884723
4.345397721920463
12.230672060742801
13.75236268684771
15.809444127671764
18.77727246982316
18.92376047225262
19.200957561943355
19.99999999912399
21.630574743694744
19.99999995771248
19.99999996609028
19.999999971725845
19.99999997423319
19.999999974260735
19.99999997420333
19.999999978275298
19.999999980764297
19.999999981431444
19.999999982106033
19.999999983214693
19.999999984240777
19.999999984227316
19.999999981947965
19.99999997765231
19.99999998978515
19.99999999909046
19.999999990319907
19.99999998975924
19.999999987655684
19.99999998514115
19.999999990124792
19.999999990410522
19.99999999134142
19.99999999124553
19.999999991643595
19.999999992112173
19.99999999221581
19.999999991509984
19.999999990437146
19.99999999223575
-45.859027716384
-41.82971175848597
-41.88984306711412
22.527461756744955
-49.85602308036819
14.717681454509325

-50.83303785970268
-50.22871447755097
-51.089661887897435
-52.2937484795674
-52.51862305061635
-51.2033039871871
-50.696598062870976
-55.00000037782617
-55.00000037782617
-55.00000037782617
-50.27429926303227
-49.85602311204612
-47.27410110705228
-46.5012679921179
-37.24311134982658
-48.79595379393712
-46.50906520086795
-40.15651342270169
-34.00060458670236
-34.2855330012482
-34.49230262831971
-34.72853303835538
-35.11569719985279
-26.64764235973632
-44.34208762309183
-49.04319723527716
-42.318309152806314
-42.65667593712756
-43.03452586325898
-59.71820210472159
-43.17255519055921
-41.475946444689846
-10.04263408374908
19.00323209422638
19.77893205324833
19.573248183697032
20.781861952287237
35.71947487115964
20.607549154652347
20.507987281729527
20.429754645469792
20.212173620247984
19.18124519455145
19.4413673292307
19.53691078325732
19.562311364854324
19.508295991859274
19.67941421198936
19.711400396954094
19.73677228478154
19.76775864904057
19.77557843276616
19.796198672222094
19.81136923001865
19.818667811134677
19.814537685423602
19.781945211869697
19.787716575125536
19.896778319996123
19.925870789986984
19.9299027278906
19.92021596920794
19.931647599495573
19.94984820706832
19.999999999819938
19.88107540066899
19.89925812864672
22.527461755334848
18.487980993258148
7.271664911958964
4.345397713879417
-10.48734688467325
4.345397713879417
12.23067205591203
13.752362682568961
15.809444124499025
18.77727246783924
18.92376047055431
19.20095756065349
19.99999999887573
21.63057474278658
19.9999999657023
19.999999973377815
19.99999997809505
19.999999980122702
19.99999998014262
19.999999980073955
19.999999983414433
19.99999998538553
19.999999985940438
19.99999998646714
19.999999987349238
19.999999988180324
19.99999998797232
19.99999998599753
19.999999982085196
19.99999999192806
19.999999999691596
19.999999992337802
19.999999992449556
19.99999999099706
19.999999989028773
19.999999992794958
19.999999993117818
19.99999999406967
19.999999993989448
19.999999994394642
19.9999999948338
19.99999999489663
19.999999994124565
19.999999992846917
19.999999994883737
-45.85902773966813
-41.829711780305615
-41.88984308892784
22.527461755423715
-49.856023111286945
14.71768145082543

19.999999274934357
19.999999283022373
19.999999269469818
19.999999254233618
19.999999252108424
19.999999270307438
19.999999277220407
19.99999922619521
19.9999992261928
19.999999226190386
19.999999272368306
19.99999928746495
19.999999306249933
19.999999322269083
19.999999415232345
19.9999992991447
19.999999322311147
19.99999938657495
19.99999944800118
19.99999944130806
19.99999944122914
19.99999943962382
19.99999943567372
19.999999519639918
19.999999343729097
19.99999929642153
19.999999364997887
19.99999936208406
19.99999935792179
19.99999918998663
19.99999935432672
19.999999373010546
19.999999690755192
19.999999983758332
19.999999992763712
19.999999990515434
20.000000001861512
20.00000015242495
20.000000001673804
20.00000000113508
20.00000000121549
19.999999998430475
19.999999982995057
19.999999988469227
19.999999990605517
19.99999999108259
19.999999990538647
19.999999992677118
19.99999999224212
19.99999999404532
19.999999993603733
19.999999992470762
19.999999989442827
19.99999999238932
19.999999995358518
19.99999999559376
19.999999995422847
19.999999994867505
19.99999999549463
19.99999999594202
19.999999995843005
19.99999999623933
19.999999995950255
19.999999996207496
19.99999999698427
19.99999999504289
19.999999996041712
20.00000001631057
19.999999975816323
19.9999998643839
19.999999832421487
19.999999682601175
19.999999832421487
19.99999991565208
19.999999931407697
19.999999955871793
19.99999998639991
19.999999988645744
19.99999999094773
19.999999996396088
20.0000000096615
19.999999994304392
19.999999996344805
19.99999999738255
19.999999997312838
19.99999999726932
19.99999999712031
19.999999997560437
19.9999999976396
19.999999997753676
19.9999999978595
19.999999998003172
19.999999998492612
19.999999998077822
19.99999999771622
19.99999999626804
19.99999999713605
19.99999999844828
19.999999997092683
19.999999998471583
19.999999999205397
19.999999999062343
19.999999998774953
19.999999999230425
20.000000000309697
20.000000000270823
20.000000000718117
20.000000001105818
20.00000000105983
20.0000000000422
19.99999999794203
20.000000000945068
19.999999328941367
19.99999937051668
19.999999370091796
20.00000001641447
19.999999288367817
19.99999994371403

19.999999989900854
19.999999991523215
19.999999986769627
19.999999984010923
19.99999998412046
19.99999998892435
19.999999990552453
19.999999983594467
19.99999998351159
19.99999998342871
19.999999981838997
19.999999991775297
19.999999985171904
19.999999992604078
19.999999991206238
19.999999992122817
19.999999990530643
19.99999999154598
19.999999991447115
19.999999988217397
19.999999990114343
19.999999990635803
19.999999990161147
19.999999989146996
19.99999999009906
19.99999998950662
19.99999999180351
19.999999992577443
19.999999992327236
19.999999989320763
19.999999989772405
19.999999991530323
19.999999993887478
19.999999995440472
19.999999996886274
19.999999996722998
19.999999995637918
19.999999996146283
19.999999997401446
19.99999999770927
19.99999999849735
19.999999997654516
19.99999999313146
19.999999995763293
19.999999996571372
19.999999996764412
19.999999996995157
19.999999997084398
19.999999996078987
19.999999997942346
19.999999997098328
19.99999999603211
19.999999992635505
19.999999994531507
19.999999997881357
19.999999998306034
19.999999998732243
19.999999998118668
19.999999996521804
19.99999999646077
19.999999996253838
19.99999999691162
19.999999996358415
19.999999996268013
19.999999996154074
19.99999999617486
19.999999997073
19.999999997046523
19.99999999647009
19.99999999548246
19.999999993409094
19.999999991281094
19.999999993409094
19.99999999696232
19.99999999715705
19.999999999733816
19.999999999047173
20.000000000147043
20.000000000062183
19.9999999986767
19.999999997781124
20.00000000063461
20.00000000129739
20.000000001638597
20.000000000752436
20.000000000706525
20.00000000053024
19.999999999881503
19.99999999958451
19.99999999960097
19.999999999826084
19.999999999999392
20.000000001085766
20.000000001029832
20.000000001269797
20.00000000043055
20.00000000030959
20.000000000543338
19.99999999985987
20.00000000096423
20.000000001970346
20.000000001859668
20.000000001402476
20.000000001965176
20.00000000342182
20.00000000335749
20.00000000391889
20.000000004468028
20.00000000444371
20.000000003176652
20.000000000401393
20.00000000432619
19.999999990740132
19.999999992771745
19.999999992939404
19.99999999717446
19.999999992924835
19.999999999222453

19.99999999699786
19.99999999826896
19.999999993564586
19.999999991185362
19.99999999124415
19.99999999599168
19.999999997429207
19.99999999089826
19.99999999075919
19.999999990620122
19.999999989250718
19.99999999811589
19.99999999233703
19.99999999888487
19.99999999670119
19.999999998346286
19.99999999618434
19.999999997186148
19.999999996824364
19.99999999388493
19.999999995639943
19.999999995835566
19.999999994707057
19.999999992435107
19.999999995237815
19.999999994756188
19.999999997738513
19.999999998833317
19.999999998746222
19.999999995006707
19.999999995771258
19.999999997594347
19.99999999805251
19.99999999809666
19.99999999973628
19.99999999960394
19.999999998156593
19.99999999771585
20.000000000063515
20.000000000210022
20.00000000090516
19.999999999811223
19.999999995792745
19.99999999814246
19.99999999861953
19.999999998695518
19.999999998776985
19.999999999080696
19.99999999776489
20.000000000055053
19.999999999243347
19.999999998289923
19.9999999947354
19.99999999606927
19.99999999980526
20.000000000364192
20.00000000092031
20.000000000312813
19.999999998191424
19.999999998092928
19.999999997837936
19.99999999864913
19.9999999979947
19.999999997876035
19.99999999775715
19.99999999780579
19.999999998854502
19.999999998469068
19.99999999794337
19.99999999732998
19.999999995717317
19.999999994077715
19.999999995717317
19.999999998784528
19.999999998771056
20.000000001431317
20.00000000049723
20.000000001676785
20.00000000153129
19.999999999904357
19.999999999102414
20.000000002246832
20.00000000288221
20.000000003270234
20.00000000212335
20.000000002090005
20.00000000190456
20.000000000837733
20.00000000044302
20.00000000045682
20.000000000783505
20.000000001042327
20.000000002582702
20.00000000263071
20.000000002956746
20.00000000200156
20.00000000196941
20.00000000234437
20.000000001417135
20.000000002802064
20.00000000403342
20.000000003913495
20.00000000343278
20.000000004089028
20.000000006008893
20.000000005911495
20.000000006583427
20.000000007348298
20.000000007364193
20.00000000587078
20.000000002509136
20.000000007269485
19.999999996476006
19.999999999043048
19.999999999203126
19.99999999861899
19.999999999514593
20.00000000101093

20.000000002184496
20.00000000333659
19.99999999834404
19.999999995676934
19.999999995696083
20.00000000109449
20.000000002517332
19.9999999953045
19.999999995063106
19.99999999482171
19.99999999386713
20.000000002909413
19.999999996973084
20.000000003591676
20.000000000672863
20.00000000295186
20.000000000177707
20.00000000131304
20.000000000754508
19.999999997776495
19.9999999989688
19.999999998437712
19.999999995893003
19.99999999264276
19.99999999786832
19.999999997508645
20.000000002929582
20.000000004351868
20.000000004425818
19.999999998343135
20.000000001151356
20.00000000356082
20.000000001434085
20.00000000075869
20.000000002627864
20.000000002527432
20.000000000725635
19.999999999634994
20.000000002694946
20.000000002648882
20.000000003220563
20.000000001807535
19.99999999854456
20.000000000408384
20.000000000470585
20.000000000366143
20.000000000222286
20.000000000818357
19.999999999101263
20.000000001895447
20.00000000110878
20.00000000030646
19.99999999669896
19.99999999742221
20.000000001393616
20.000000002058268
20.000000002781206
20.000000002201368
19.999999999551413
19.999999999410193
19.999999999109367
20.00000000004234
19.999999999320032
19.999999999169493
19.999999999041037
19.99999999907349
20.00000000029033
19.99999999969559
19.9999999987797
19.999999998130615
19.999999996722
19.9999999947157
19.999999996722
19.999999999951932
19.99999999987247
20.00000000314328
20.00000000239238
20.00000000370792
20.00000000351234
20.000000001494865
20.000000000462393
20.00000000457854
20.000000005305342
20.000000005769852
20.00000000440708
20.00000000438254
20.000000004184557
20.000000002742187
20.000000002228752
20.00000000224909
20.000000002662503
20.00000000299995
20.00000000502091
20.00000000513868
20.000000005494076
20.00000000432179
20.00000000440782
20.00000000507769
20.00000000370007
20.00000000562708
20.000000007355492
20.000000007458347
20.00000000650987
20.000000007280224
20.00000000980315
20.00000000968268
20.000000010459804
20.000000011477155
20.000000011518814
20.000000009766367
20.000000005627893
20.000000011438342
20.000000000727592
20.000000004970495
20.000000005057096
19.99999999986707
20.000000004581388
20.0000000025996

20.000000827383527
20.000000835636087
20.00000082146801
20.00000080286515
20.000000800331183
20.000000825026188
20.00000083145255
20.000000761070414
20.000000381465874
20.00000000186133
20.000000823909094
20.000000839245562
20.00000083373088
20.000000846023244
20.00000085984552
20.000000908276736
20.000001054355533
20.00000089491997
20.000000738058198
20.000000105180852
19.99999964679559
19.999999121398996
19.9999982580828
19.999998525946122
19.999999969112945
20.000000197560635
20.000002438053606
20.000002424531505
20.00000240770885
20.00000072053771
20.000002398990276
20.000003227631506
20.000000713142082
20.00000054686379
20.000000547998226
20.000000548165477
20.000000545179244
20.00000053295559
20.00000048914041
20.000000456095673
20.00000043049759
20.000000357404836
20.000000447282318
20.000000303065395
20.000000247932395
20.00000020372683
20.000000169679446
20.00000019443541
20.000000189675568
20.000000190120254
20.00000018750318
20.000000186724286
20.00000018249904
20.00000017993994
20.00000018207044
20.000000183060358
20.000000186926346
20.000000186439742
20.000000173588887
20.000000171011326
20.00000017031419
20.000000172336772
20.000000170519417
20.000000168911157
20.000000164865178
20.000000174865274
20.000000174485223
20.000000101578976
19.999999997712663
19.99999963054192
19.999999535406566
19.999999052305107
19.999999535406566
19.999999791895863
19.99999984021831
19.999999906677854
19.99999999822982
20.000000003157982
20.000000010138795
20.00000002860684
20.000000075802337
20.00000001450681
20.000000016104924
20.000000018350043
20.000000017528322
20.000000017489125
20.000000017264316
20.000000016904526
20.000000017292827
20.000000017546384
20.000000018333477
20.000000019197614
20.000000022231706
20.00000002286865
20.00000002294403
20.000000021344807
20.000000026403384
20.00000002929025
20.00000002551491
20.000000025238403
20.000000026233323
20.0000000255673
20.000000026153018
20.000000027037444
20.000000029791554
20.00000002969356
20.00000003050503
20.00000003149421
20.000000031470467
20.000000029484802
20.000000023402674
20.00000003130077
20.00000133567832
20.00000289786596
20.000002841641912
20.000000101760826
20.00000084106153
19.999999872344755

25.075762390755543
25.120274788734083
25.056860338394838
24.965212490163374
24.951607933786896
25.048489854263988
25.085812082860794
24.788899481052137
22.394449742371098
20.000000003689674
25.08738597654584
25.147725961369996
25.138168585038457
25.190343950636645
25.30795730558741
25.583358241037928
26.523148188785097
25.520257358089637
24.54841096347125
20.621012400707624
17.7709394707674
14.514784770913222
9.178188183480339
10.885148631273438
19.798871124500945
21.22993720710526
35.10046516013256
35.00565108851044
34.8997734074374
24.479518409273084
34.861096078488444
39.9999999262281
24.403016521644577
23.38540005460417
23.381957796706928
23.38287054303635
23.37750717549701
23.320698004777242
23.02334378502844
22.821057027922944
22.662106358350155
22.22003191350944
22.771862390398457
21.875328814189714
21.546029983294915
21.278425210407313
21.066824472708532
21.218849211917462
21.20257625813691
21.189349902932943
21.17319671873801
21.169120266602462
21.158370936714068
21.150462530290536
21.14665778565701
21.1488108197812
21.16580126889396
21.162792658338137
21.10593879569512
21.09077289860783
21.08867105001679
21.093720756143835
21.087761449266203
21.078273477195584
21.05212936089427
21.114124723075175
21.104646073299286
20.643484636658123
19.999999995160884
17.722482272135576
17.132615711215543
14.142683669597655
17.132615711215543
18.714080406854563
19.018356149274755
19.416968643782518
19.992061796922727
20.015410586538007
20.059593155254394
20.18695288677309
20.48148123690286
20.081642722275895
20.08853470696126
20.099674197311803
20.105073806688903
20.105073806603443
20.105073806325684
20.114092014037837
20.120385052240458
20.121787403312624
20.12363569721995
20.1264485871823
20.129353983619964
20.131862499893913
20.129238688818614
20.12591591109473
20.15560970295675
20.170538777744575
20.155669306119396
20.143317648745473
20.13607952762011
20.12965543329219
20.143317649476128
20.143317650446207
20.143317652999414
20.14331765294648
20.14331765373696
20.14331765449412
20.14331765435276
20.143317652182862
20.14331764046459
20.143317654003717
28.263710832665275
37.942352375851286
37.59260346737039
20.643484636840316
25.14772596319085
19.205411516098266

35.26152907131405
34.79172451832428
35.4610300973771
36.408335683543164
36.57191291228566
35.54937613969519
35.1554599725072
20.00000003589763
20.000000018880655
20.000000001863675
34.93935719743627
34.50199205592443
33.25361552491288
32.67085247507601
27.617435314744984
32.319480351745646
27.611145677756806
26.940389640057965
26.29039682133799
22.179338160728303
19.195984977097595
15.787560095153854
10.201403946552205
11.125044985493808
19.999999991711608
21.077136579549887
35.194237200538886
35.199664553672086
35.205725208697075
23.523035374347337
35.2079391758978
39.99999999486579
25.732480838915087
23.650540947136975
23.626923211910142
23.633185668787796
23.59638700294028
23.100229341524237
23.20851931266621
22.986981741738735
22.812904378715086
22.32875949426206
22.967487354726472
21.969373438642624
21.602763915110522
21.308970466478442
21.08252234467655
21.234749784769217
21.214476692888347
21.19667782153669
21.17494028145581
21.169454549659534
21.15498904447806
21.144346603574082
21.139226509596412
21.14212387399757
21.164988131981893
21.16093940774483
21.084430460077947
21.06402152412497
21.06119304049959
21.067988492321348
21.05996897937506
21.047200897577156
21.012018435637323
21.09544636423037
21.082690827127106
20.618491016110443
19.99999999953828
17.78172428317259
17.20744303164661
14.296510236780465
17.20744303164661
18.746670607545145
19.042768138023977
19.429944221794596
19.988537637462695
20.01111690250382
20.053843311098028
20.177005546583967
20.46182689135412
20.07516617291354
20.081831012929293
20.09260337022188
20.097825020286027
20.097825020198833
20.09782501992107
20.106546007313803
20.11263164082879
20.11398777349938
20.115775151734915
20.118495335061905
20.12130497616421
20.123730817287296
20.12119348129059
20.117980215010498
20.146695364935017
20.1611324102988
20.146753003705804
20.13480842965884
20.12780886106122
20.121596490690415
20.134808430358742
20.134808431320295
20.13480843380551
20.134808433755985
20.134808434536662
20.13480843526686
20.134808435118806
20.134808432967425
20.134808421249154
20.13480843476205
29.211191255307604
37.9817336668579
37.63867858677691
20.6184910162908
34.50199205771906
19.224456783947133

35.26152898529248
34.79172443461802
35.461030010350555
36.40833559223336
36.57191282005239
35.549376052019845
35.15545988688434
20.00000001735439
20.00000000937677
20.000000001399147
34.939357114492715
34.50199197373981
33.25361545002148
32.670852402036616
27.617435267176994
32.31948028295554
27.611145637966562
26.94038959831922
26.29039677794654
22.179338132280186
19.19598495966546
15.787560090342673
10.201403963000347
11.12504479192918
19.999999986724653
21.07713656449814
35.19423719599213
35.19966454534487
35.20572519620155
23.523035336629967
35.2079391619191
39.999999992711324
25.732480785809962
23.650540889133563
23.626923153271413
23.633185610302768
23.596386943573673
23.100229268439858
23.208519264051883
22.986981699283927
22.812904341090178
22.328759470134546
22.967487314155274
21.969373423788667
21.602763910115275
21.3089704678804
21.08252234915116
21.23474979051035
21.2144766998848
21.196677830112346
21.174940291986566
21.16945456062415
21.15498905674542
21.144346617032273
21.13922652363852
21.142123887773433
21.164988143567506
21.160939419626327
21.084430479326343
21.0640215453134
21.061193061965
21.067988513120767
21.05996900094664
21.047200920370326
21.012018461772563
21.09544638246432
21.082690846535975
20.61849103202725
19.999999998893028
17.781724234589273
17.207442970479
14.296510112245462
17.207442970479
18.746670580094918
19.042768117086975
19.429944209448415
19.98853763770459
20.011116903225492
20.053843312868924
20.17700555142609
20.461826903332675
20.07516617511114
20.08183101518609
20.092603372710006
20.097825022842894
20.09782502275248
20.097825022474723
20.10654601003672
20.112631643703427
20.11398777640484
20.11577515469004
20.118495338088856
20.12130497930267
20.123730820496956
20.121193484493475
20.117980218210736
20.146695368841847
20.161132414467744
20.14675300757782
20.13480843305986
20.12780886415081
20.121596493528422
20.134808433705743
20.134808434652246
20.13480843701774
20.13480843697498
20.134808437737338
20.13480843841923
20.13480843825833
20.134808436140062
20.134808424421788
20.13480843788699
29.211191220406405
37.98173366364325
37.63867858338856
20.618491032204215
34.501991975486746
19.224456767000955

35.26152896689098
34.79172441702158
35.46102999163518
36.40833557188865
36.5719127994257
35.54937603302993
35.15545986860884
20.000000023053747
20.00000001237314
20.00000000169253
34.93935709670137
34.501991956655395
33.25361543499728
32.670852387962945
27.617435261403465
32.31948027010585
27.61114563424746
26.94038959393922
26.29039677297259
22.179338126948394
19.195984954058922
15.787560084436262
10.201403956755948
11.125044796381527
19.999999983226598
21.077136561957094
35.194237193633555
35.19966454288824
35.20572519365929
23.523035336330068
35.20793915936039
39.999999990775855
25.732480781701582
23.65054088685119
23.62692315099903
23.63318560802261
23.596386941364262
23.100229266940932
23.20851926203513
22.98698169738268
22.812904339274553
22.32875946858827
22.96748731225631
21.969373422432536
21.602763908966207
21.30897046690608
21.082522348327853
21.234749789564404
21.214476698975812
21.19667782917188
21.174940291063514
21.169454559710218
21.154989055869923
21.144346616161165
21.139226522737896
21.14212388686631
21.1649881426396
21.16093941870019
21.08443047847523
21.064021544477175
21.061193061133487
21.067988512277644
21.05996900011435
21.047200919549354
21.012018460978613
21.09544638161936
21.082690845684358
20.618491031454493
19.99999999869688
17.78172423554713
17.207442971753753
14.296510115041848
17.207442971753753
18.746670580540336
19.04276811736325
19.429944209449275
19.988537637389072
20.011116902870544
20.05384331248917
20.177005551001077
20.461826902807328
20.07516617467941
20.081831014705163
20.092603372208274
20.097825022312037
20.097825022220206
20.097825021942448
20.10654600948053
20.11263164314512
20.113987775844695
20.115775154131555
20.118495337531183
20.12130497876411
20.123730819962834
20.121193483986204
20.11798021773713
20.146695368355203
20.16113241393469
20.146753007072938
20.134808432485457
20.12780886352175
20.1215964928616
20.134808433108677
20.13480843404884
20.134808436364022
20.134808436324406
20.134808437078647
20.134808437739927
20.13480843757319
20.134808435469047
20.134808423750776
20.13480843719534
29.21119121696007
37.981733661505544
37.63867858121783
20.618491031629965
34.501991958381694
19.224456767131397

35.26152903488085
34.79172448234109
35.46103006069954
36.40833564621027
36.57191287470948
35.54937610294319
35.15545993614901
20.00000001155053
20.000000006243468
20.00000000093641
34.939357162294826
34.50199202024099
33.25361549137209
32.67085244141831
27.61743528691214
32.31948031940515
27.61114565273512
26.940389614525095
26.290396795367798
22.179338146952794
19.195984972280833
15.78756010056534
10.201403968608727
11.125044823771512
19.999999993143785
21.077136571579125
35.19423720184959
35.19966455218144
35.20572520404596
23.523035344977785
35.207939170134104
39.9999999978136
25.73248080346749
23.65054090427412
23.62692316851961
23.633185625537376
23.596386958830976
23.100229284887828
23.2085192769251
22.986981710774522
22.812904351506422
22.328759477485992
22.967487325315346
21.9693734291051
21.60276391308635
21.308970469300668
21.082522349707784
21.234749791058867
21.214476700114147
21.19667783011742
21.174940291607264
21.169454560168923
21.154989055990903
21.144346615986798
21.139226522500483
21.14212388669532
21.16498814295876
21.160939418980355
21.084430477082645
21.064021542663003
21.0611930592504
21.06798851056032
21.059968998215094
21.04720091737772
21.012018458078312
21.095446380399004
21.08269084426097
20.618491029972525
19.99999999946176
17.78172424294384
17.20744298087144
14.296510132904123
17.20744298087144
18.746670585056812
19.04276812101346
19.42994421217138
19.98853763845625
20.01111690396712
20.053843313437948
20.177005551433563
20.461826902021595
20.07516617571203
20.081831015882376
20.09260337340152
20.097825023582143
20.097825023495524
20.097825023217766
20.106546010795764
20.112631644434764
20.113987777133616
20.11577515540462
20.11849533878636
20.121304979938323
20.123730821109046
20.121193485051002
20.117980218691027
20.146695369204632
20.161132414879354
20.146753007978635
20.134808433721094
20.127808865005004
20.121596494524766
20.134808434431122
20.13480843539548
20.134808437903093
20.134808437852406
20.134808438636362
20.134808439375472
20.134808439229673
20.134808437072174
20.1348084253539
20.1348084388755
29.211191233809007
37.981733669131415
37.63867858893891
20.618491030153493
34.50199202204432
19.224456770412278

35.261529003714585
34.79172445236179
35.46103002897199
36.40833561217492
36.57191284026994
35.549376071267424
35.1554599054003
20.000000011857743
20.00000000641744
20.00000000097714
34.939357131883355
34.501991991010094
33.25361546487235
32.67085241638608
27.61743527339856
32.31948029605803
27.61114564204486
26.940389603252726
26.290396783541087
22.17933813878439
19.195984966866355
15.787560098292227
10.20140397169215
11.12504478068103
19.999999991597498
21.077136567990014
35.19423719964128
35.19966454901125
35.20572519982912
23.523035336869025
35.2079391654303
39.99999999593657
25.73248079050457
23.650540892130138
23.62692315631394
23.633185613349575
23.59638694650116
23.10022927047821
23.2085192668844
22.986981702044453
22.812904343811677
22.32875947264372
22.967487316769
21.969373426001354
21.602763912270333
21.308970469865407
21.08252235090154
21.234749792553444
21.214476701850913
21.19667783224427
21.174940294125847
21.169454562756588
21.154989058798623
21.144346619080615
21.139226525796115
21.142123889943218
21.164988145741585
21.160939421810728
21.084430481468456
21.064021547460722
21.06119306410497
21.06798851527705
21.059969003092707
21.047200922513774
21.012018463922534
21.09544638454902
21.08269084867919
20.618491033587745
19.99999999938027
17.781724232190957
17.207442967277366
14.296510105190599
17.207442967277366
18.74667057901896
19.042768116447732
19.429944209595824
19.988537638700898
20.01111690434366
20.0538433140489
20.177005552693583
20.461826904806593
20.075166176471917
20.081831016704477
20.092603374290643
20.097825024513096
20.097825024427312
20.097825024149554
20.106546011784232
20.112631645455338
20.113987778162258
20.11577515644132
20.11849533983643
20.121304980992374
20.123730822173382
20.121193486088274
20.117980219690264
20.146695370361876
20.16113241613675
20.14675300913741
20.13480843486513
20.127808866147195
20.121596495659162
20.134808435590003
20.13480843655848
20.13480843909891
20.13480843904659
20.134808439835265
20.13480844058738
20.134808440444797
20.134808438278363
20.13480842656009
20.134808440094332
29.21119122428703
37.98173366712822
37.63867858690972
20.618491033769594
34.50199199282606
19.224456766791313

25.075762433535907
25.12027482977825
25.056860382249482
24.96521253731804
24.951607981433803
25.048489897044956
25.08581212454854
24.788899481268466
22.394449742493073
20.000000003717634
25.087386019377448
25.147726001325065
25.13816862232692
25.190343985022622
25.307957325198977
25.583358274096245
26.523148207264924
25.52025737548261
24.548410979903572
20.621012409289552
17.770939473200045
14.514784766431038
9.178188167576609
10.885148615769285
19.79887112699926
21.229937211520866
35.10046519200505
35.00565112050119
34.89977343957321
24.479518417835568
34.86109611106724
39.99999996741066
24.403016536134594
23.385400063475327
23.381957805357136
23.382870551726178
23.377507184148747
23.320698012041444
23.02334379263555
22.821057034943
22.662106364859845
22.220031918848402
22.771862398046625
21.875328819432184
21.546029986934585
21.27842521315715
21.066824474905992
21.218849214504083
21.20257626076191
21.189349905272437
21.17319672103734
21.16912026885144
21.15837093899707
21.150462532689282
21.14665778790157
21.148810822016696
21.165801271161076
21.162792660571135
21.105938797937522
21.090772900838296
21.088671052252735
21.09372075838423
21.087761451493122
21.07827347941976
21.052129363094622
21.114124725444864
21.104646075570976
20.643484637407443
19.999999994939337
17.722482268040718
17.132615706377695
14.14268365966904
17.132615706377695
18.714080404447063
19.01835614725029
19.41696864214281
19.99206179623649
20.015410585790626
20.05959315456256
20.186952886408477
20.48148123722377
20.081642721400886
20.088534705891092
20.09967419619147
20.105073805463235
20.10507380537128
20.105073805093518
20.11409201273825
20.120385050956834
20.121787402025923
20.12363569594853
20.126448585925907
20.12935398245895
20.131862498761542
20.129238687792437
20.125915910215852
20.155609702120028
20.17053877676173
20.15566930523933
20.143317647476906
20.136079526066897
20.129655431535053
20.143317648098098
20.143317649037684
20.14331765134836
20.14331765130904
20.14331765206254
20.14331765272197
20.1433176525547
20.14331765045182
20.14331763873355
20.14331765217625
28.263710854036628
37.942352413018774
37.592603503872844
20.64348463758278
25.147726003049495
19.20541151417037

35.261528495038185
34.7917239681419
35.46102951014606
36.40833504393894
36.57191226353924
35.54937554668326
35.15545940168405
20.000000227789954
20.000000115404184
20.00000000301841
34.939356640102304
34.50199152198679
33.25361505608819
32.67085203722892
27.617435142361813
32.31947995313008
27.611145571193237
26.940389514707395
26.29039667822143
22.179338034102617
19.195984862490928
15.787559994377911
10.201403869588868
11.125044859875604
19.99999994687733
21.07713654680462
35.19423716622466
35.19966451208582
35.205725159170825
23.523035369538388
35.207939123526685
39.99999996823837
25.73248070654957
23.65054085939728
23.62692312436392
23.633185581150002
23.59638691595372
23.10022926076474
23.208519239071936
22.986981675828922
22.8129043188076
22.328759451267878
22.967487289540056
21.969373406802948
21.602763896059408
21.30897045616148
21.082522339305825
21.23474977929413
21.214476688942824
21.196677819115123
21.174940281167515
21.16945454988847
21.154989046264436
21.144346606570725
21.139226513054805
21.14212387714454
21.164988132747535
21.16093940884117
21.084430469182752
21.06402153531575
21.061193052001308
21.06798850306877
21.05996899098424
21.04720091051003
21.012018452173802
21.095446372291732
21.082690836385385
20.618491025592085
19.999999997557644
17.781724250537636
17.20744299101007
14.296510155474307
17.20744299101007
18.746670588495487
19.04276812310058
19.42994421212205
19.988537635910863
20.01111690112909
20.05384331042215
20.177005548088967
20.46182689797372
20.075166172321026
20.081831012127083
20.092603369493208
20.09782501945704
20.09782501935999
20.09782501908223
20.106546006483036
20.112631640107015
20.113987772792537
20.11577515107595
20.118495334463987
20.121304975759486
20.123730816964073
20.121193481106946
20.117980214992677
20.146695365416267
20.161132410749058
20.14675300404679
20.134808429279982
20.127808860163
20.121596489406254
20.134808429824922
20.134808430742993
20.134808432884178
20.134808432856868
20.134808433580986
20.13480843416954
20.134808433980485
20.13480843192619
20.134808420207918
20.13480843357828
29.211191159288894
37.98173363683309
37.63867855617977
20.618491025762086
34.50199152363888
19.22445677137706

20.000000007541374
20.000000008267275
20.00000000505218
20.00000000282658
20.000000002578872
20.000000007061022
20.00000000803822
20.00000000105943
20.000000000011482
19.99999999896354
20.000000003456176
20.00000000748105
20.000000005424557
20.000000008290858
20.00000000650196
20.00000000794875
20.00000000657873
20.000000007472412
20.0000000064996
20.000000002862446
20.000000001425605
19.999999998309473
19.99999999135144
19.999999990004717
19.999999999615397
20.000000000126008
20.000000013865456
20.000000015315603
20.00000001538439
20.00000000322582
20.00000001341835
20.0000000179225
20.00000000620769
20.000000004669825
20.000000006212666
20.00000000618888
20.000000004437798
20.000000002802967
20.000000005489408
20.000000005193005
20.000000005373163
20.000000003726317
20.00000000351971
20.000000003664397
20.000000002596014
20.00000000184369
20.00000000136884
20.00000000222623
20.000000000495596
20.000000002849767
20.000000002670742
20.00000000252396
20.000000000375078
19.999999999911523
20.000000002019206
20.00000000242301
20.00000000335215
20.000000003227445
20.000000000524896
20.000000000397968
20.000000000101807
20.000000001017753
20.00000000034598
20.000000000212044
20.000000000172438
20.000000000226997
20.00000000131765
20.00000000034239
19.999999999227988
19.999999997571848
19.999999996650576
19.999999993454466
19.999999996650576
19.99999999969198
19.99999999953732
20.000000002370733
20.000000002006463
20.000000003204388
20.00000000304825
20.000000001328782
20.00000000079351
20.00000000386827
20.000000004469914
20.000000004892367
20.000000003563272
20.000000003534602
20.000000003341
20.000000001979572
20.000000001509306
20.00000000152583
20.000000001921837
20.00000000224338
20.00000000414601
20.000000004267818
20.000000004647298
20.000000003624837
20.000000003693934
20.000000004182866
20.000000003056766
20.000000004622795
20.000000006104376
20.00000000606924
20.000000005387314
20.000000006111197
20.000000008362164
20.00000000825125
20.00000000898572
20.00000000988712
20.000000009915873
20.00000000826811
20.00000000441918
20.000000009826167
20.00000000820188
20.00000001776857
20.00000001753952
20.000000000505192
20.000000009039105
20.00000000182129

20.00000000696384
20.000000007629048
20.00000000459915
20.000000002521727
20.000000002276522
20.000000006439517
20.00000000738266
20.00000000085624
19.99999999986918
19.99999999888212
20.00000000316131
20.00000000682412
20.000000005006026
20.000000007605685
20.000000005890307
20.000000007238935
20.00000000583339
20.00000000680439
20.000000005964203
20.00000000285513
20.000000001726864
19.999999999000465
19.999999992733926
19.999999991217685
19.999999999702816
20.000000000071633
20.00000001201706
20.000000013453274
20.00000001353226
20.000000002791534
20.00000001166378
20.00000001548947
20.000000005667452
20.000000004242363
20.000000005738347
20.000000005716533
20.000000004008633
20.000000002436394
20.000000005052453
20.000000004781278
20.000000004965564
20.000000003401794
20.000000003213184
20.000000003431868
20.000000002384684
20.00000000165207
20.000000001207866
20.00000000203468
20.00000000036207
20.000000002636167
20.000000002487543
20.000000002363187
20.00000000029708
19.99999999981806
20.0000000018302
20.000000002217526
20.00000000312766
20.00000000301858
20.000000000383647
20.000000000263835
19.999999999973568
20.000000000875353
20.000000000213873
20.00000000008546
20.000000000055262
20.000000000106784
20.000000001170182
20.00000000022327
19.999999999228812
19.99999999783587
19.999999997023913
19.99999999423122
19.999999997023913
19.999999999785363
19.999999999584325
20.000000002249468
20.00000000179687
20.000000002963585
20.000000002807955
20.000000001141302
20.00000000064359
20.000000003567564
20.000000004141686
20.000000004548173
20.0000000032428
20.00000000321268
20.000000003020798
20.00000000170492
20.00000000125077
20.000000001265775
20.00000000165093
20.000000001962313
20.000000003802842
20.000000003919588
20.000000004301278
20.000000003318686
20.00000000337282
20.000000003811284
20.00000000275284
20.00000000422551
20.000000005630948
20.00000000556
20.00000000495172
20.000000005659057
20.000000007819487
20.00000000771235
20.000000008430963
20.00000000929366
20.000000009317905
20.000000007708078
20.00000000396988
20.000000009225328
20.000000007224205
20.000000015539904
20.000000015348114
20.000000000382858
20.00000000834137
20.00000000175299

20.00000000470607
20.00000000525212
20.000000002541046
20.000000000906233
20.000000000691198
20.000000004103228
20.000000004960725
19.999999999688356
19.999999998998405
19.999999998308454
20.000000001358526
20.000000004450893
20.000000003004587
20.000000005189975
20.00000000366055
20.00000000475739
20.00000000326799
20.000000004392152
20.00000000388894
20.000000002042135
20.000000001872642
20.000000000315744
19.999999996183842
19.999999994177188
19.999999999577284
19.999999999547168
20.00000000650096
20.000000007854112
20.000000007935444
20.00000000116502
20.00000000619222
20.00000000828272
20.00000000372383
20.00000000267052
20.00000000407992
20.000000004050886
20.000000002465082
20.00000000113514
20.000000003563265
20.000000003390156
20.000000003630074
20.000000002309637
20.00000000180618
20.000000002358693
20.000000001538528
20.000000000944897
20.000000000627313
20.00000000132915
19.99999999981942
20.000000001915318
20.000000001760764
20.00000000160819
19.999999999618435
19.999999999259213
20.00000000120427
20.000000001563613
20.00000000240647
20.00000000227928
19.999999999861416
19.999999999763848
19.999999999490512
20.000000000353626
19.999999999712823
19.999999999600433
19.999999999587246
19.99999999962872
20.000000000629072
19.99999999981691
19.999999999126338
19.999999998427395
19.99999999779905
19.99999999605057
19.99999999779905
19.999999999943338
19.999999999662688
20.00000000196738
20.000000001290076
20.000000002384173
20.000000002226678
20.00000000066977
20.000000000202576
20.000000002873183
20.000000003397027
20.000000003765855
20.00000000253228
20.000000002498084
20.00000000231022
20.00000000112649
20.00000000071301
20.000000000725024
20.0000000010785
20.000000001360853
20.00000000303236
20.00000000313057
20.00000000350989
20.000000002612115
20.00000000263169
20.00000000296164
20.000000002041606
20.00000000331739
20.000000004561407
20.000000004429094
20.000000003953936
20.000000004621537
20.000000006568975
20.000000006472582
20.00000000715032
20.00000000791943
20.000000007930836
20.000000006413913
20.000000002939387
20.000000007830167
20.00000000401639
20.000000008940965
20.000000008868554
19.999999999968292
20.000000005867147
20.00000000159097

20.000000003542745
20.000000004002374
20.000000001618506
20.000000000243805
20.00000000004181
20.000000002919183
20.00000000370121
19.999999999209344
19.999999998613216
19.99999999801709
20.000000000674998
20.000000003217842
20.00000000213682
20.000000003926168
20.000000002599087
20.000000003500492
20.00000000211298
20.000000003235783
20.000000002885045
20.000000001597606
20.000000001729546
20.00000000060968
19.999999997382293
19.999999995370747
19.999999999415415
19.9999999992645
20.000000004179046
20.00000000544577
20.000000005523734
20.000000000443826
20.00000000395822
20.00000000532431
20.000000002747775
20.000000001867274
20.000000003162935
20.000000003134524
20.000000001672518
20.00000000051114
20.000000002714135
20.00000000258086
20.000000002820148
20.000000001646107
20.000000001150404
20.00000000176724
20.000000001018464
20.000000000467775
20.000000000229043
20.0000000008367
19.99999999948073
20.00000000137545
20.000000001257774
20.000000001125724
19.999999999298176
19.99999999895306
20.000000000728598
20.000000001053717
20.00000000183971
20.00000000172733
19.99999999949567
19.99999999941622
19.99999999916043
19.999999999981895
19.999999999369102
19.999999999273275
19.999999999282455
19.999999999319108
20.00000000024321
19.999999999519222
19.999999998993957
19.9999999985622
19.999999998043407
19.999999996750248
19.999999998043407
19.999999999845482
19.9999999995378
20.000000001557627
20.000000000816772
20.00000000182808
20.000000001674735
20.000000000255206
19.99999999985421
20.00000000223577
20.00000000271392
20.00000000304411
20.000000001897266
20.00000000185768
20.00000000167369
20.000000000645755
20.000000000276046
20.000000000286292
20.000000000602324
20.000000000851593
20.000000002338286
20.000000002413977
20.000000002785423
20.00000000197156
20.000000001967848
20.000000002195982
20.000000001394692
20.00000000247736
20.000000003582393
20.000000003418762
20.000000003021736
20.000000003647994
20.00000000537711
20.000000005294964
20.00000000592509
20.000000006593574
20.00000000658723
20.00000000516982
20.0000000019591
20.00000000647531
20.000000002608605
20.00000000613863
20.000000006106244
19.999999999661185
20.000000004523333
20.000000001252058

