-31.204786518758926
-27.22882925207162
-32.89316428915098
-43.06663003257672
-42.29456872773706
-33.64083706140931
-30.307123421106347
-43.35466799202923
-43.35466799202923
-43.35466799202923
-50.00000000326887
-24.77682261481379
-44.39545524374128
-25.010925671063045
-25.656982596606635
-27.212633605283383
-32.46741108184494
-27.73617958681927
-23.151403141241836
-23.31717101342818
-23.437467049378682
-23.574903009813394
-23.80015037998786
-17.060599438628007
-31.19653667260388
-34.99999998210874
-29.420050261219217
-29.649768301793063
-29.906291544958858
-43.63668210520914
-29.99999999667106
-28.720764159724784
-5.016811136999719
16.790399236525037
17.48074857064248
17.29769619240909
18.373325627826176
30.37822185669582
18.698631459611313
18.88443570330964
19.030434925567114
19.436488729946632
12.173913058483432
25.792627525783207
23.3148603624207
21.552289175935258
20.514581581407512
20.624471047971287
20.371041144903714
20.31901541769694
20.203773274256218
20.147744380909472
19.9999999899588
20.170430635716812
20.15080463554646
20.15955539223859
20.22638712875242
20.184908046500166
19.97271017070734
19.905334100834253
19.896327121256874
19.91704301037477
19.893392899083477
19.8519919134625
19.739086836990012
20.0000000005757
19.961462381469957
21.965636391308784
18.87628937947711
9.935080637154774
7.6061246669018585
-4.198952146329721
7.6061246669018585
13.874896132843736
15.083843838587862
16.707115638805238
19.04907058209053
19.16299600558787
19.378575405631857
20.000000000161563
21.268116934871536
19.999999988127442
19.999999993885165
19.99999999670344
19.999999997409816
19.999999997543206
19.999999997543206
19.999999998223146
19.99999999898487
19.999999999272948
19.99999999968933
20.000000000247034
20.00000000121669
20.000000001005812
19.9999999999745
19.999999996597428
20.00000000228561
20.000000008623317
20.000000000740016
20.000000003926804
20.000000003736982
20.00000000253581
20.000000005494982
20.000000005656066
20.000000008122843
20.000000007703417
20.000000008466206
20.000000011076047
20.00000001193657
20.00000001119699
20.000000011196992
20.000000012405955
-31.983524058402793
-29.014441906266654
-29.064359819208303
21.965636391442175
-24.77682261360482
15.845590410350093

20.00000000024375
20.000000001798103
19.99999999778054
19.9999999947098
19.99999999483459
19.999999999255056
20.000000000895362
19.999999994671683
19.999999994459788
19.999999994247894
19.999999992514084
20.000000002090033
19.99999999481337
20.000000001903718
19.99999999883829
20.000000001428237
19.99999999837717
19.999999999090274
19.999999998824748
19.999999996893806
19.999999998061597
19.999999998194053
19.99999999736493
19.999999995534385
19.999999997622677
19.999999997076944
19.99999999917759
19.999999999863913
19.99999999966293
19.99999999729594
19.99999999783304
19.999999999042345
19.999999999644498
19.999999999503967
20.000000000623757
20.000000000525706
19.999999999515023
19.99999999912601
20.000000000824297
20.000000001086654
20.000000001718927
20.000000000991335
19.999999998205656
19.999999999966157
20.000000000483066
20.000000000826628
20.00000000027228
20.0000000009053
19.999999999633207
20.00000000128765
20.000000000830326
20.00000000037991
19.999999998530157
19.999999999861885
20.000000001228045
20.000000001289727
20.00000000175268
20.000000001478544
20.000000000459618
20.000000000274717
20.000000000120355
20.000000000275254
20.00000000016459
19.999999999902162
19.999999999349274
19.99999999936354
20.000000000371507
19.999999999759133
19.99999999880349
19.999999998443588
19.99999999743767
19.99999999648316
19.99999999743767
19.999999999433072
19.999999999424478
20.000000001461583
20.000000000769358
20.000000001758497
20.00000000197096
20.000000001841634
20.000000000607816
19.999999997191626
19.99999999884015
20.00000000051005
20.000000000494687
20.000000000606956
20.000000000606956
20.00000000016618
20.00000000054952
20.00000000066353
20.000000001324263
20.000000001991797
19.999999992658122
19.999999983601445
19.99999998812915
19.99999999241865
19.999999998185785
20.000000024994133
20.00000003058688
20.000000045331664
20.000000029314435
20.00000001379446
20.00000004644036
20.00000004655254
20.00000004834241
20.000000047988856
20.00000004862902
20.000000050348532
20.000000051057967
20.000000050460997
20.000000050460997
20.000000051447145
19.999999998504787
20.000000000058932
20.00000000019356
19.999999999871406
20.000000003076185
20.000000001059117

19.999999998589868
19.999999999532772
19.999999996728906
19.999999995170967
19.99999999515349
19.999999997972814
19.99999999906491
19.99999999486488
19.999999994645908
19.999999994426933
19.999999994378907
19.999999999525073
19.999999995973607
19.999999999748663
19.99999999814131
19.9999999994019
19.9999999977139
19.999999998362743
19.999999998157367
19.999999996631153
19.99999999761631
19.999999997723407
19.999999996998206
19.999999995445876
19.999999997187416
19.999999996717445
19.999999998462847
19.999999999036056
19.999999998825274
19.999999996918934
19.999999997313854
19.999999998349875
19.999999998877325
19.99999999879257
19.999999999756913
19.99999999967145
19.999999998794923
19.99999999847059
19.999999999884956
20.00000000013821
20.0000000006994
20.00000000008244
19.999999997758334
19.999999999231274
19.999999999674323
19.999999999965066
19.999999999472546
20.00000000001747
19.99999999893389
20.000000000323332
19.999999999966683
19.9999999996021
19.99999999806576
19.999999999125155
20.000000000251735
20.000000000298225
20.000000000717254
20.00000000050522
19.999999999559293
19.9999999993862
19.999999999245464
19.999999999410644
19.99999999928708
19.999999999046995
19.999999998550155
19.999999998652214
19.999999999496968
19.99999999869804
19.99999999836869
19.999999998015795
19.999999997187864
19.999999996319143
19.999999997187864
19.99999999885228
19.99999999879127
20.00000000024811
19.99999999960646
20.00000000031239
20.000000000203368
19.99999999926952
19.9999999989521
20.000000000807375
20.000000001409575
20.000000001717098
20.000000001099153
20.000000001198266
20.000000001198266
19.999999999832603
19.99999999954029
19.999999999529148
19.999999999781235
19.999999999971187
20.000000000969177
20.00000000106455
20.000000001232017
20.00000000058482
20.000000000445734
20.0000000009076
20.00000000039659
20.000000001478206
20.00000000201746
20.000000001674348
20.000000002378727
20.000000002474756
20.0000000039454
20.000000003633605
20.000000004197588
20.000000005545782
20.000000006165887
20.00000000565207
20.00000000565207
20.000000006508422
19.99999999782601
19.999999999226784
19.999999999345214
19.999999998797154
20.000000000381426
19.999999999994987

19.99999999890461
19.99999999963908
19.999999997348183
19.99999999613279
19.9999999960741
19.999999998350212
19.999999999276078
19.999999995753434
19.999999995497543
19.99999999524165
19.999999995782645
19.99999999953783
19.999999997049898
19.999999999784016
19.999999998505505
19.999999999475722
19.99999999809404
19.99999999871578
19.999999998551914
19.99999999737695
19.999999998171344
19.99999999818326
19.999999997416786
19.999999996019778
19.999999997589164
19.99999999714658
19.999999998740915
19.999999999279584
19.999999999098
19.999999997379735
19.99999999780373
19.999999998673374
19.99999999908505
19.999999998938655
19.999999999793022
19.999999999725762
19.999999998913363
19.99999999855805
19.999999999842533
20.000000000053056
20.000000000529873
19.999999999964487
19.999999998151534
19.999999999351203
19.99999999965383
19.999999999878234
19.999999999389445
19.999999999918938
19.999999998923645
20.000000000173795
19.99999999992456
19.999999999671687
19.9999999984023
19.999999999177476
20.000000000103746
20.000000000145537
20.00000000053157
20.00000000038019
19.999999999484643
19.99999999931588
19.99999999918571
19.999999999327585
19.999999999230287
19.99999999900182
19.99999999854008
19.999999998635015
19.99999999940527
19.99999999864178
19.99999999834617
19.99999999808528
19.999999997445492
19.99999999673649
19.999999997445492
19.99999999882296
19.99999999872553
19.999999999993634
19.99999999940695
20.000000000038952
19.99999999993168
19.99999999909379
19.999999998843442
20.00000000047371
20.000000001021295
20.00000000129445
20.000000000726082
20.0000000008172
20.0000000008172
19.99999999958573
19.999999999320828
19.999999999310553
19.999999999532328
19.99999999969743
20.000000000583615
20.000000000661803
20.000000000829143
20.000000000253266
20.000000000126416
20.000000000488303
20.000000000042792
20.000000000962558
20.000000001461196
20.000000001158472
20.000000001755485
20.000000001843432
20.000000003145846
20.000000002859487
20.000000003377327
20.00000000454228
20.00000000510933
20.00000000464357
20.00000000464357
20.000000005423832
19.99999999819302
19.999999999457287
19.999999999555993
19.999999998732896
20.000000000318092
19.999999999780062

19.999999991798703
19.99999999265312
19.99999999008841
19.999999989172533
19.999999989141706
19.999999991448078
19.999999992332395
19.99999998875037
19.999999988642085
19.999999988533798
19.99999998863567
19.999999992702556
19.999999990368416
19.99999999338862
19.999999993030407
19.99999999306661
19.9999999923996
19.999999993157346
19.999999993175017
19.999999991264495
19.9999999923979
19.999999992727897
19.99999999236835
19.999999991914663
19.99999999218326
19.999999991678703
19.99999999312942
19.9999999934985
19.99999999317033
19.999999991547764
19.99999999164745
19.999999992947867
19.999999995065505
19.99999999634214
19.999999997273537
19.999999997152916
19.999999996485563
19.99999999693808
19.99999999762678
19.99999999802528
19.999999998723645
19.999999998252687
19.99999999514872
19.99999999696776
19.99999999777915
19.999999998181618
19.999999997899405
19.999999998211113
19.999999997332402
19.999999998524846
19.99999999805179
19.999999997509033
19.999999995833484
19.999999997303526
19.999999998537838
19.99999999856097
19.999999998904897
19.999999998627263
19.999999997897977
19.99999999777893
19.999999997658225
19.999999997832624
19.999999997676426
19.99999999749234
19.999999997103693
19.99999999718427
19.99999999789947
19.999999997406604
19.99999999703899
19.999999996229455
19.999999994830322
19.999999993375592
19.999999994830322
19.999999997182137
19.999999997358433
19.999999998960124
19.999999998454026
19.999999999158092
19.999999999108205
19.999999998253987
19.99999999779325
19.999999999689532
20.00000000037923
20.000000000685255
20.000000000215927
20.00000000030293
20.00000000030293
19.999999999259156
19.999999999017508
19.99999999901361
19.999999999195836
19.999999999329876
20.000000000068813
20.000000000064574
20.00000000014849
19.999999999517165
19.99999999932761
19.99999999973892
19.99999999932225
20.00000000033942
20.000000000854207
20.000000000612566
20.00000000108137
20.000000001165397
20.000000002387328
20.000000002114053
20.000000002608196
20.000000003688495
20.000000004228554
20.000000003786845
20.000000003786845
20.000000004528665
19.99999999245259
19.999999993738463
19.999999993855383
19.999999997493607
19.999999993444376
19.999999998597318

-58.720959260249835
-58.04933881616707
-59.00616077414634
-60.344333672615
-60.59425013077218
-59.13245798501891
-58.569325615848044
-63.35195203624052
-63.35195203624051
-63.35195203624052
-58.099999894458584
-57.63514478061391
-54.765701607421306
-53.90680629498623
-43.617667301921
-56.457026827547324
-53.915471796728006
-46.855503950321534
-40.01407707716471
-40.330734933501056
-40.56053029382336
-40.823067170631745
-41.253345684210245
-31.842293719330065
-51.507180993629966
-56.731803139777185
-49.25803585854873
-49.634082949807016
-50.05400999997452
-68.59556966561644
-50.20741018393544
-48.32186818257037
-13.388162433791504
18.892232665282688
19.754314071153413
19.52572537861875
20.868929596919152
37.46998545459397
20.675205438170707
20.56455641915673
20.477611846756258
20.235801138957843
19.090069190896088
19.379158357115205
19.485341467994754
19.513570641863087
19.45354015173484
19.643713986599032
19.67926213262114
19.707459417254736
19.74189640372883
19.75058699424278
19.77350349198311
19.790363430631448
19.798474776405126
19.793884722529718
19.75766277217881
19.764076831136034
19.885283621397047
19.917615810109503
19.92209674203195
19.911331272128944
19.92403592142077
19.944263336931446
20.000000001036014
19.86783203526609
19.8880395799737
22.808918266806778
18.319603532900732
5.854245727368208
2.602111302802234
-13.882398165368068
2.602111302802234
11.365484707236023
13.056629820204678
15.342786523065145
18.64111031503865
18.803911127525264
19.11197670759605
19.999999998912163
21.812154494793464
19.999999976730344
19.999999984231177
19.999999987744356
19.99999998923094
19.99999998931621
19.999999989316212
19.999999991328995
19.99999999258354
19.99999999297274
19.999999993308915
19.999999993886565
19.99999999436349
19.99999999391443
19.999999992136534
19.99999998854997
19.99999999522209
20.000000001759016
19.999999995789814
19.999999997427135
19.99999999662554
19.99999999526909
19.999999998148404
19.999999998230805
19.99999999941993
19.999999999152166
19.999999999636334
20.000000000682686
20.00000000121143
20.00000000077972
20.00000000077972
20.00000000150549
-53.193046583214546
-48.71502859789785
-48.781856090294866
22.808918266892046
-57.63514477988815
14.129445862944523

-58.720959319171605
-58.0493388730724
-59.006160834224495
-60.34433373619081
-60.59425019511223
-59.13245804503757
-58.56932567421355
-63.35195210878269
-63.35195210878269
-63.35195210878269
-58.099999951210386
-57.6351448362735
-54.765701656981534
-53.906806342626446
-43.617667327520664
-56.45702687300642
-53.91547182028206
-46.85550397341187
-40.0140770998363
-40.33073495690857
-40.56053031563854
-40.823067190876365
-41.25334570207133
-31.842293735082038
-51.50718101229409
-56.73180315853097
-49.258035878446826
-49.63408297008782
-50.05401002071337
-68.59556968459762
-50.207410204826786
-48.32186820263198
-13.388162448770833
18.892232661615502
19.75431406784745
19.525725375212613
20.868929593931288
37.469985457110916
20.675205435501546
20.56455641661094
20.477611844367242
20.235801136678926
19.090069186605163
19.379158354421193
19.485341465821318
19.513570639822927
19.453540149757984
19.643713984586558
19.679262130600357
19.707459415380484
19.74189640136441
19.750586991348307
19.773503487825145
19.790363428603072
19.79847477479063
19.793884720932233
19.757662770480728
19.76407682912497
19.885283619718717
19.917615808446502
19.922096740373245
19.911331270447032
19.924035919756886
19.944263335287676
19.999999999429246
19.867832033469785
19.888039578249813
22.808918266497155
18.319603530764656
5.8542457224900275
2.602111296444651
-13.88239817625293
2.602111296444651
11.365484704065581
13.056629817591103
15.342786521704822
18.641110315076308
18.803911127669725
19.111976707809717
19.999999999188347
21.812154494726816
19.99999998200536
19.999999987633416
19.999999991750727
19.999999993437594
19.999999993526462
19.999999993526462
19.99999999593985
19.999999997614626
19.999999998052456
19.999999998664155
19.999999999538492
20.00000000011835
19.99999999989035
19.999999997635506
19.999999992754233
19.99999999794432
20.00000001609714
20.000000000762988
20.000000006928147
20.000000004720018
20.000000002049582
20.000000007692847
20.000000007778635
20.000000009036548
20.000000008757343
20.000000009262216
20.00000001038012
20.00000001093238
20.00000001047983
20.00000001047983
20.000000011239003
-53.193046606264076
-48.71502861785935
-48.78185611023054
22.808918266586023
-57.63514483551432
14.129445860995398

-15.696005752929326
-15.390954838076182
-15.825544667917454
-16.43334452594316
-16.546857002553615
-15.882909030665429
-15.627133546168636
-17.799409503081435
-17.799409503081435
-17.799409503081435
-15.413964340950166
-15.202827346806373
-13.899516734621606
-13.5094051819722
-8.836048380193208
-14.667734696650685
-13.513378791913762
-10.306709623065995
-7.199302748338713
-7.343289253582675
-7.447778781586797
-7.567156102849382
-7.762806699322346
-3.4886440356431137
-12.419858102087275
-14.792778924534492
-11.398260418802417
-11.569028268364418
-11.759722575583348
-20.18106880101281
-11.82938358554674
-10.973061207126554
4.8944364434356435
19.556425626550634
19.94800151665321
19.84417162303799
20.454283826299765
27.994871849820537
20.366064138983837
20.315675885935338
20.276082357550578
20.16596462348125
19.64577034738996
19.776325570067844
19.824278801433806
19.83656085406695
19.80842002690746
19.8962260369488
19.912523347786937
19.925603928871976
19.94157907517285
19.945610596315603
19.956241443928946
19.964062687474186
19.96782550152295
19.965696198415305
19.948893015963282
19.951868465701537
20.008095692653594
20.023094434174673
20.02517311611863
20.020179068360235
20.026072691816807
20.035456089173014
20.061312050261392
19.99999998816699
20.009374168210556
21.30332250708911
19.284449642636012
13.631773756484042
12.154770802702526
4.668097136720377
12.154770802702526
16.138964233216846
16.908305380850297
17.95496469776043
19.465019243452712
19.529112233214875
19.65039445293846
20.000000000557883
20.840829642043943
19.794583162706438
19.831125352864785
19.890188360365393
19.918817793765104
19.918817793869003
19.918817793869003
19.966633498782258
19.99999999893312
20.0074354443
20.017235333365562
20.032149634989764
20.035131230862632
20.037705539200036
19.995161472188652
19.941283960414086
19.969848645358333
20.794524387096168
20.116854950482367
20.16299265501509
20.106850937427172
20.057023143437444
20.162992655986308
20.162992656087656
20.162992657667633
20.162992657340627
20.16299265793229
20.16299265940417
20.16299266005646
20.162992659512987
20.162992659512987
20.16299266041586
-13.185291640926591
-11.151631245836409
-11.181983711245518
21.303322507193013
-15.202827345903502
17.399467209842744

20.00000006750097
20.000000105648173
20.000000048766893
19.999999949381436
19.99999995968096
20.000000044096232
20.000000076419894
19.9999999705635
19.999999970521085
19.999999970478665
19.999999855684926
20.000000128434124
19.99999989142426
20.000000096814386
20.000000006540777
20.00000009090313
20.000000007981498
20.000000007475553
20.00000000591998
20.000000001661654
20.000000002842892
20.000000002579895
20.0000000008378
19.99999999565712
19.999999999629807
19.999999997728402
20.00000000460438
20.00000000603886
20.000000006519514
19.9999999944262
20.000000004072056
20.00000000477495
20.000000004100613
20.000000000285883
20.000000001563794
20.000000001452555
20.000000000150514
19.999999998087553
20.000000001660354
20.00000000184853
20.000000002512937
20.000000001481013
19.999999997681336
19.999999999868024
20.00000000051512
20.000000000897117
20.0000000002682
20.00000000096507
19.999999999478966
20.000000001453373
20.00000000058393
19.99999999975281
19.99999999690214
19.99999999937069
20.000000001340997
20.000000001458254
20.00000000199079
20.000000001481546
20.000000000299835
20.000000000074376
19.999999999893703
20.00000000012351
19.999999999931152
19.999999999628034
19.99999999895245
19.999999999109555
20.0000000002542
19.999999999237556
19.9999999988034
19.999999998577575
19.999999997466432
19.999999996550873
19.999999997466432
19.99999999963656
19.99999999955996
20.00000000163801
20.00000000079402
20.000000001735255
20.000000001590138
20.000000000267008
19.999999999677378
20.000000002536485
20.00000000331802
20.00000000375707
20.00000000294336
20.000000003071296
20.0000000030713
20.000000001093486
20.000000000668887
20.000000000659238
20.00000000104192
20.000000001345345
20.000000002867356
20.00000000304676
20.000000003223626
20.000000002290008
20.000000002136687
20.000000003147314
20.00000000222059
20.000000004038103
20.00000000483826
20.000000004410367
20.000000005467886
20.000000005611373
20.000000007878107
20.000000007475414
20.000000008206573
20.000000010538592
20.00000001135888
20.000000010656716
20.000000010656716
20.000000011806254
20.000000007639404
20.000000005830426
20.000000006016023
19.999999999365496
20.00000012958366
20.00000000129577

19.99999999827993
19.99999999937374
19.99999999494261
19.999999993062126
19.99999999305705
19.999999997388855
19.999999998666517
19.999999992534377
19.999999992377294
19.999999992220207
19.999999991703564
19.999999999109328
19.999999994819124
20.0000000002926
19.999999998989832
19.999999999819163
19.99999999854805
19.999999999572395
19.999999999221195
19.999999996435058
19.999999998292104
19.999999998575788
19.99999999758278
19.999999993791764
19.999999998101714
19.999999997354585
20.00000000059213
20.00000000164525
20.000000001509374
19.999999997507114
19.999999998366174
20.000000000337685
20.000000000451173
20.00000000060663
20.000000002217735
20.000000002098318
20.000000000652
20.000000000172022
20.00000000291992
20.00000000312035
20.00000000396021
20.00000000282034
19.999999998648484
20.000000001280352
20.000000001905185
20.00000000233218
20.000000001475744
20.00000000254273
20.000000000658524
20.00000000323947
20.000000002374417
20.00000000172506
19.999999998901142
20.00000000089444
20.000000002959254
20.00000000311252
20.000000003790003
20.000000003297554
20.00000000181364
20.000000001526566
20.000000001313616
20.000000001549928
20.00000000138096
20.000000001004086
20.000000000126313
20.00000000025136
20.000000001716092
20.000000000385374
19.99999999931812
19.99999999879046
19.999999997413603
19.999999995625604
19.999999997413603
20.00000000043625
20.000000000446466
20.00000000348311
20.000000002982468
20.000000004104447
20.00000000390429
20.0000000021587
20.000000001115286
20.000000005579082
20.000000006624113
20.000000007200576
20.000000006282598
20.000000006432515
20.000000006432515
20.00000000395775
20.000000003393257
20.000000003396885
20.00000000387355
20.000000004267434
20.000000006230746
20.000000006449127
20.000000006595762
20.00000000529564
20.0000000051574
20.00000000721355
20.000000005332215
20.000000008170517
20.00000000949246
20.000000009257914
20.000000010292073
20.00000001056047
20.000000013796626
20.00000001332883
20.00000001418692
20.00000001798547
20.000000018978504
20.000000018134116
20.000000018134116
20.000000019532816
19.999999998945388
20.000000001836963
20.000000002034533
20.00000000053529
20.000000000508027
20.000000002885145

20.00000000504304
20.00000000621239
20.000000001177813
19.999999998556042
19.999999998476188
20.000000003950937
20.00000000539185
19.99999999741572
19.99999999705504
19.999999996694353
19.999999997628933
20.000000005797645
20.000000001558387
20.00000000762112
20.000000007099914
20.000000006677464
20.000000005398977
20.000000007609113
20.00000000795998
20.000000005224646
20.000000006592952
20.0000000062365
20.000000003981413
20.000000002686463
20.000000004225285
20.000000002385104
20.00000000846447
20.000000009821147
20.000000009823705
20.00000000220887
20.000000006450996
20.00000000886707
20.00000001201342
20.000000015634292
20.000000017595333
20.00000001747423
20.00000001586716
20.000000016930905
20.000000018642805
20.000000018470367
20.000000019224018
20.000000017323377
20.000000013429755
20.00000001501783
20.00000001507714
20.000000014834498
20.000000012672896
20.000000015792235
20.000000013507798
20.0000000171949
20.00000001663069
20.00000001628095
20.000000013793706
20.000000015390476
20.00000001753145
20.000000017666668
20.00000001818231
20.00000001776556
20.000000017165103
20.000000017123046
20.000000016925906
20.000000017020174
20.00000001705109
20.000000016793358
20.000000016170144
20.00000001488942
20.000000017013893
20.000000017538625
19.99999999961328
20.000000012235795
20.000000010339075
20.000000006614663
20.000000010339075
20.00000002174044
20.000000024079792
20.00000004227144
20.000000062167086
20.000000062009768
20.00000005898031
20.000000048774577
20.00000002878129
20.00000006242605
20.00000006367353
20.000000063860572
20.00000006265634
20.000000062827823
20.000000062827823
20.00000005958751
20.000000058571185
20.000000058526005
20.000000058959277
20.000000059266423
20.00000006133594
20.000000061393497
20.00000006144583
20.000000059415562
20.00000005755282
20.000000064892156
20.000000057717777
20.00000006391455
20.00000006653853
20.000000067229895
20.000000067364777
20.000000068258117
20.00000007317429
20.00000007265014
20.00000007363056
20.000000080808466
20.00000008207243
20.000000081299827
20.000000081299827
20.000000082971802
20.000000006010133
20.000000010372503
20.000000010474388
20.00000001771011
20.00000000746962
20.000000034019696

28.712339791512637
28.745433039291967
28.698286845364514
28.63010961238419
28.620035749539948
28.69206371505408
28.719811349691266
28.499343566458048
24.249671783843386
20.000000001228724
28.720576284347345
28.765841924976552
28.75599588132069
28.794721091402003
28.87441925714415
29.094623589162637
29.803904597799963
29.038944230555423
28.297663172382176
25.341896431153224
23.19692676707292
20.746339281969664
16.730007743381716
18.035147181537997
24.7441956136279
25.82213418873357
36.29902309492569
36.22550066618307
36.143399094264
28.269854089824022
36.113407225642796
39.99999997668689
28.15655704237628
27.338907261928796
27.340714625486413
27.340235387138883
27.343051425452362
27.40821123449031
26.956177058245714
26.735206841518078
26.56157528807922
26.07867029059984
26.624568560976442
25.580739195902407
25.197338286797002
24.76724660119596
24.259056512193027
24.924333484206166
24.96724114917739
25.058576678800076
25.17012360761272
25.198273828767693
25.27250404964827
25.327116086397478
25.35339003234946
25.33852211135281
25.22119340120618
25.241969569410593
25.63457781360035
25.73930696184956
25.753821419523867
25.71895033493754
25.760102733195822
25.825622578677624
26.006162580103926
25.57804932668986
25.643504806153974
26.06096580836334
19.999999999100183
23.262962364279364
22.8119512640489
20.525853650353444
22.8119512640489
26.443193113297117
27.41905928499234
32.56940441224648
39.99999998613486
39.478937190802704
38.492937729293075
35.65071664128488
29.46395418525483
38.99955645690176
39.0561263502031
39.147560063527074
39.191880450934704
39.19188045111656
39.19188045111656
39.265902542885684
39.31755624502563
39.32906684045839
39.3442377621789
39.367326156331764
39.24287648540175
39.13542666933629
38.772102276675724
38.31199080094035
37.01731136301508
46.03923657876839
38.768865173938664
39.999999959498155
39.728534242986186
39.487598656614416
39.99999996357622
39.999999964772044
39.99999997008194
39.99999996967168
39.99999997064071
39.9999999770029
39.999999977976735
39.99999997668698
39.99999997668698
39.99999997850295
31.12075092587592
38.445708319166904
38.181517393484164
26.06096580854519
28.765841926792522
29.835942113294923

28.712339804972313
28.745433052411983
28.69828685902724
28.63010962663984
28.62003576388914
28.6920637288908
28.719811363177307
28.49934357201235
24.249671786620997
20.000000001229644
28.72057629777022
28.765841937858525
28.755995893447135
28.79472110294676
28.87441926520283
29.094623600364994
29.80390460547183
29.038944238136896
28.29766317982007
25.341896437431014
23.196926772388558
20.746339286179804
16.730007745413722
18.035147183484355
24.744195618478873
25.822134193927813
36.29902310401365
36.2255006753769
36.14339910353424
28.269854095729126
36.11340723499286
39.9999999870269
28.156557049154525
27.338907267333546
27.340714630858407
27.34023539252289
27.343051430790293
27.40821123922604
26.956177063317934
26.73520684646335
26.561575292902184
26.078670295179627
26.6245685660708
25.58073920038679
25.197338290957994
24.767246605007912
24.259056515511062
24.924333488224068
24.967241153195832
25.058576682920492
25.170123611892524
25.198273833113486
25.27250405409919
25.327116090791453
25.353390036717006
25.338522115711886
25.221193405465897
25.241969573729335
25.63457781818277
25.73930696651323
25.753821424196712
25.71895033958904
25.760102737879688
25.82562258341004
26.006162584983564
25.57804933122073
25.643504810741998
26.060965811417987
19.999999999349864
23.262962366352987
22.81195126623143
20.525853652429873
22.81195126623143
26.443193116322274
27.419059288266478
32.569404417292866
39.9999999938869
39.47893719866363
38.492937737237376
35.65071664943262
29.46395419009379
38.999556456304816
39.056126347641936
39.147560057747185
39.19188044359593
39.19188044377812
39.19188044377812
39.2659025329462
39.31755623326627
39.32906682829356
39.34423774947897
39.36732614281773
39.242876472422026
39.13542665681629
38.772102268078704
38.31199079729242
37.01731136496622
46.03923649401175
38.76886515979041
39.99999993653825
39.72853422410325
39.48759864134796
39.99999994060692
39.999999941792474
39.99999994707536
39.999999946673896
39.999999947640006
39.99999995382432
39.99999995476963
39.9999999534393
39.9999999534393
39.9999999548869
31.12075093384825
38.44570832898355
38.18151740322716
26.060965811600177
28.76584193967938
29.83594211736405

38.813936931691295
38.34737312513821
39.01206178495754
39.95324880538039
40.11528164830486
39.09979840979847
38.70859950536341
24.080454700926673
22.040227351079395
20.000000001232117
38.49813942291159
38.05963925860915
36.84795599628387
36.269880568728944
31.33066273344787
35.841912012019414
31.05760681336502
30.62621485791775
30.208176617482742
27.086142406866628
24.820514142278654
22.232076476304027
17.989818692408857
19.16551537728102
25.14687086576918
25.88889032249986
36.44315155422192
36.47406942121509
36.50859501160667
27.5738247274558
36.52120727651134
40.000000000518085
29.69379416569418
27.877884849258088
27.860856363623604
27.865371621281433
27.838839628310588
27.489294026051894
27.425858944517806
27.189977638170006
27.004629412112767
26.4891379432866
27.103433016464933
25.97176317430877
25.55609825710891
25.092555782799995
24.547658531537394
25.257622217911393
25.302709466413642
25.39988439498946
25.518562908564608
25.548512871856875
25.627488890072687
25.685592464001406
25.71354619462185
25.697727715572704
25.57289777163512
25.59500223306633
26.012711291419176
26.12413613933954
26.139578556934172
26.102478042201614
26.146261456901332
26.21597021459532
26.40805276794879
25.95256874110598
26.022209017589734
26.532903265370454
20.000000000226745
23.87483976225319
23.46855960599884
21.409195442674385
23.468559605998845
27.192428362402612
28.21044332462882
33.755794402384275
41.75627983833322
41.19884564634558
40.14402112577849
37.10340638553509
30.283918268932226
40.16638340027233
40.11744349465512
40.03834209793987
39.99999951465826
39.99999951483862
39.99999951483862
39.93596130382233
39.89127450242486
39.88131642290699
39.86819171223025
39.84821741478603
39.74609688921308
39.657926051582265
39.488745297172755
39.27449596881541
38.21828572039659
43.002485438738276
39.18007208778574
39.99999947775216
39.93487330430605
39.87707148188113
39.999999482095554
39.9999994837538
39.99999948978871
39.999999489241716
39.99999949027274
39.99999950038698
39.99999950188857
39.999999501480005
39.999999501480005
39.99999950323623
32.212534969098776
38.50623766598021
38.252335219872165
26.53290326555081
38.05963926040377
30.812689089523495

38.82401916114806
38.34244218629981
39.028519309133856
39.9999999663491
40.16723876625354
39.119079138277
38.71529216985766
23.619390312031324
21.809695156631456
20.00000000123158
38.498139341289885
38.04544957139574
36.79531407211404
36.19865001553508
31.1020158402351
35.75539770797252
30.815066541468017
30.37373747974523
29.946069735157394
26.73320173009765
24.401656310159602
21.737909534406413
17.372225691017633
18.576047360865765
24.73016745757598
25.49296098300389
36.34375772726714
36.37641101071742
36.412874518957395
27.22506792878007
36.42619470903468
39.99999999455315
29.420388805473664
27.556140661950465
27.538072908525084
27.542863737449345
27.514712467350865
27.141539919635402
27.10404265721013
26.869481247716088
26.68517015572466
26.172563169699057
26.7889635234562
25.6679238470938
25.25616341378709
24.805618151515763
24.28493255789919
24.95262038637991
24.992773469117537
25.08127769158657
25.18936678119399
25.21664437483141
25.28857353578458
25.34149265511922
25.36695213555999
25.352545104797134
25.238853463511546
25.258985592206383
25.63942338574673
25.740906038479512
25.75497056293507
25.721180446017446
25.761057162404537
25.824545960288464
25.999489408044965
25.584647223604023
25.648073650756277
26.087699740733072
20.00000000023147
23.39802807986752
22.98202890038994
20.873400681740982
22.982028900389942
26.519344823608087
27.477133003472996
32.60370410410963
40.00000000136948
39.50134485009488
38.5577470434357
35.83775206425932
29.5475721929111
38.08683910303263
37.93964844374122
37.70174470610272
37.58642634198242
37.58642634215938
37.58642634215938
37.3938263394604
37.25942723491171
37.22947751943409
37.190003908160996
37.12992962057356
37.067879746895265
37.01430589995069
37.07034209372799
37.141305935711245
36.50714188879542
36.188304815678876
36.505868939128604
36.76966071314768
36.92424378850564
37.061441824653066
36.769660717168755
36.769660718560566
36.769660724147116
36.76966072360242
36.76966072461732
36.76966073353211
36.76966073494699
36.76966073439906
36.76966073439906
36.769660736145994
32.001319262785934
38.46449544111668
38.20349785593196
26.087699740910036
38.04544957314267
29.882859484692432

38.82401914932091
38.3424421749544
39.028519297137215
39.999999953415035
40.1672387531316
39.11907912579228
38.715292157902375
23.619390316354817
21.809695158793023
20.00000000123123
38.49813932993825
38.045449560358705
36.795314062570945
36.19865000651189
31.10201583682462
35.75539769978636
30.815066539457217
30.373737477264097
29.946069732299275
26.733201727292634
24.40165630737449
21.737909531658005
17.37222568851535
18.57604735858107
24.730167456344248
25.49296098219655
36.34375772674707
36.37641101007849
36.41287451818886
27.225067928909905
36.426194708262294
39.99999999434975
29.42038880301939
27.556140660548177
27.53807290712039
27.542863736040267
27.514712465993437
27.14153991884836
27.10404265587667
26.869481246408945
26.68517015443106
26.17256316847628
26.788963522163876
25.667923845938077
25.256163412677612
24.80561815047215
24.284932556982238
24.952620385268283
24.99277346806069
25.081277690453863
25.189366780041066
25.21664437367701
25.2885735346395
25.341492653959012
25.366952134380863
25.352545103620812
25.23885346234705
25.25898559103519
25.639423384525934
25.740906037239593
25.75497056169517
25.721180444777378
25.76105716116135
25.82454595903524
25.999489406758848
25.584647222408982
25.648073649532638
26.087699739325682
20.000000000174865
23.39802807829196
22.982028898757562
20.873400679796667
22.982028898757562
26.519344821510483
27.477133001223606
32.603704100646276
39.99999999620408
39.50134484499746
38.557747038605775
35.83775206026559
29.54757219058495
38.0868390960388
37.93964843650351
37.70174469861967
37.586426334375766
37.58642633455124
37.58642633455124
37.393826331638884
37.25942722695961
37.22947751145198
37.19000390014308
37.12992961249963
37.067879738928944
37.01430589207755
37.07034208628096
37.141305928915266
36.50714188282382
36.18830479967375
36.505868931646035
36.769660704093475
36.92424377973597
37.06144181614736
36.76966070794415
36.76966070916859
36.769660714556935
36.76966071401905
36.769660715023946
36.7696607233973
36.769660724762495
36.76966072413107
36.76966072413108
36.76966072585737
32.001319261015304
38.46449544075961
38.20349785554948
26.087699739501154
38.045449562085
29.882859481860027

38.82401917826395
38.3424422024446
39.028519326606826
39.99999998551332
40.167238785836446
39.11907915744153
38.71529218768956
23.619390291173953
21.809695146203545
20.000000001233136
38.49813935713069
38.04544958688591
36.79531408383384
36.19865002633692
31.102015837996806
35.75539771717617
30.81506653706041
30.37373747557578
29.94606973097084
26.73320172221381
24.40165629954735
21.737909520623226
17.372225670905507
18.576047341632236
24.730167444716034
25.49296097054932
36.3437577273857
36.37641101111598
36.4128745195858
27.225067917241105
36.42619470971106
39.99999999856305
29.42038880020741
27.556140653375802
27.538072899932146
27.54286372887708
27.514712458612028
27.141539908833508
27.104042648400874
26.86948123883492
26.68517014679478
26.172563160599687
26.788963514874794
25.667923838438064
25.25616340498477
24.805618142974936
24.284932549898155
24.952620377282607
24.99277345961523
25.081277681936797
25.189366771227427
25.21664436479626
25.288573525468394
25.341492644530074
25.366952124875258
25.352545094168804
25.238853453310906
25.25898558198407
25.639423374041534
25.740906026407593
25.754970550803314
25.721180434032103
25.761057150262037
25.824545947909296
25.999489395039827
25.584647212056094
25.648073639025057
26.08769972627197
20.000000000512838
23.398028065136742
22.982028885332713
20.87340066468863
22.982028885332713
26.51934480302331
27.47713298103295
32.60370406885726
39.99999994758196
39.50134479755449
38.557746993567974
35.83775202215544
29.547572168604884
38.08683904806573
37.93964838849322
37.701744650805175
37.58642628655018
37.58642628673115
37.58642628673115
37.39382628347237
37.25942717874936
37.22947746327723
37.190003851958146
37.12992956432941
37.06787969102309
37.01430584436125
37.07034203917332
37.141305883014006
36.50714183916597
36.18830474210676
36.5058688857145
36.769660653728515
36.92424372911896
37.061441765410486
36.76966065441578
36.76966065808444
36.76966066463041
36.769660663657554
36.76966066490312
36.76966067760202
36.76966068080327
36.769660685243416
36.769660685243416
36.769660687046745
32.00131925943244
38.464495443549836
38.203497858109955
26.08769972645294
38.04544958868924
29.882859456256238

38.82401917057985
38.342442195095906
39.02851931873344
39.9999999770996
40.1672387773104
39.11907914924798
38.71529217987932
23.619390293632943
21.80969514743283
20.000000001232717
38.49813934940531
38.045449579752365
36.79531407738039
36.198650020502306
31.102015835647826
35.7553977117844
30.81506653538292
30.373737473813545
29.946069729106206
26.73320172087714
24.4016562986836
21.737909520307024
17.37222567191887
18.576047342642735
24.730167444720333
25.49296097055123
36.343757725336594
36.376411008947215
36.41287451733491
27.225067917308472
36.42619470734059
39.999999995923275
29.420388798727558
27.556140652826354
27.538072899423536
27.54286372835921
27.51471245811349
27.14153990871191
27.104042648014193
26.869481238500256
26.685170146515013
26.17256316040817
26.788963514376515
25.667923838133145
25.256163404860324
24.805618142941285
24.284932549922587
24.952620377305347
24.9927734596291
25.08127768199465
25.189366771248036
25.216644364787644
25.288573525429413
25.3414926445831
25.36695212497228
25.352545094260172
25.23885345339267
25.258985582037095
25.639423374198095
25.740906026586448
25.75497055098458
25.721180434207337
25.76105715044206
25.824545948103264
25.999489395267045
25.58464721219463
25.64807363918565
26.08769972666354
20.00000000031971
23.39802806570064
22.982028885867443
20.873400665447143
22.982028885867443
26.519344803799893
27.477132981901914
32.60370407032208
39.99999994980139
39.5013447997191
38.55774699561371
35.837752023841496
29.547572169464107
38.086839050275906
37.939648390733424
37.70174465302266
37.58642628875901
37.586426288940864
37.586426288940864
37.39382628567195
37.259427180931674
37.2294774654563
37.19000385413042
37.129929566492414
37.067879693170696
37.01430584649611
37.07034204130462
37.1413058851102
36.50714184123185
36.18830474424036
36.50586888768067
36.76966065586092
36.92424373130476
37.06144176763756
36.7696606563876
36.76966066060842
36.769660667460954
36.76966066639193
36.76966066768949
36.76966068152927
36.769660685091466
36.769660690460135
36.76966069046014
36.76966069227611
32.00131925764659
38.4644954411705
38.20349785576229
26.08769972684539
38.045449581568334
29.882859457430783

29.01730348116243
29.049432366444616
29.00366004891324
28.937464721691928
28.927689249260048
28.997618264312102
29.024557311955064
28.81054678339825
24.405273392310587
20.0000000012287
29.025251747586054
29.069246521535288
29.05936133514047
29.096950309651294
29.17340477100731
29.389030943270267
30.078902192190444
29.333609123178004
28.611386562864883
25.73272888206347
23.643716473206084
21.257059099382722
17.345504281091245
18.61128262250067
25.150265309067102
26.20126298608345
36.39770345328384
36.32651320996113
36.24701596001991
28.58780707196749
36.217975455723725
39.999999988898495
28.473101531120957
27.674252752143932
27.676538724684182
27.6759325788142
27.679494335415654
27.755256106339935
27.290670331648236
27.068586545255425
26.894079983167654
26.40874140737807
26.952705374875585
25.89834231122669
25.511072350291062
25.067525033418843
24.534069751769508
25.243613417189483
25.291711268104315
25.39217701784127
25.514874569954884
25.54583878609451
25.627489321101788
25.68756056949723
25.71646095146715
25.70010678076762
25.57104947986632
25.59390250682845
26.025757252741293
26.1409554951082
26.15692086907567
26.118563948097563
26.16383008490121
26.235899524652996
26.43448693972348
25.963577979601673
26.035576618840988
26.530668386906335
19.999999999337973
23.681434543955923
23.244025279212032
21.02687302649787
23.24402527921203
27.01591828150045
28.039117582537312
33.53461420825914
41.463172760987696
40.927950684596375
39.915157824204925
36.99570265433941
30.244257050023723
39.40971768902337
39.251733378148344
38.99638390031846
38.87260911504303
38.87260911521837
38.872609115218374
38.66588554476104
38.5216308075855
38.48948484685931
38.447116592654645
38.382636992116865
38.31603693364327
38.258534458304645
38.31867984757471
38.39484754615989
37.714179560792616
37.37196180732295
37.712813262474214
37.99594917229207
38.1618679927933
38.30912691037971
37.99594917612788
37.99594917733851
37.9959491827095
37.99594918217217
37.99594918317619
37.99594919150329
37.99594919286436
37.99594919222637
37.99594919222636
37.9959491939508
31.360232026564216
38.487150913574744
38.2300041961586
26.530668387081672
29.069246523259718
30.617968338816333

38.903144829049836
38.30374665413334
39.15767737979116
40.366898028179776
40.57499257604821
39.27039330664781
38.767817011890344
20.0000001898624
20.00000009551332
20.000000001164246
38.49813905640298
37.934092703828554
36.382180027727046
35.63963484703093
29.307592862698954
35.07646459305849
28.911700623393248
28.39350414657638
27.89134841445355
23.982861814781206
21.14651310191944
17.906038061960604
12.595139274227877
14.042276198104178
21.493575873526304
22.40880492324587
35.57083162393688
35.61493168318508
35.664177661740034
24.487053545727726
35.682167313740685
39.99999999526088
27.26718253144405
25.015404826970705
24.989026441254364
24.996020909577968
24.954920890013156
24.39479761301189
24.559232886567017
24.33322860402947
24.155641437391303
23.66173506830695
24.30037923741561
23.25554615334652
22.8717765752182
22.522576940297977
22.19351046004762
22.5244689486891
22.524985739551294
22.54398823538244
22.567195741584555
22.573052437814045
22.588496145682527
22.599858260559248
22.605324594333283
22.602231301351182
22.577820888288574
22.582143401613088
22.663826132090716
22.685615188111843
22.688634942492698
22.681379961998815
22.68994177956766
22.703573281466024
22.74113489939274
22.65206529562323
22.66568340700144
22.531728069586297
20.00000000008413
19.838870924106693
19.3387903990979
16.80396831587062
19.3387903990979
21.53606020938182
22.056849340556685
24.108354406248402
27.06813750261251
26.90554009753417
26.597859418481672
25.710945632653974
23.659895068282186
26.444309597675364
26.396314868423286
26.318741157819883
26.28113908520425
26.28113908537425
26.28113908537425
26.218337644833525
26.174513880134025
26.16474812111511
26.15187688815511
26.132288354573063
26.11205563934934
26.09458671640673
26.112858541859435
26.13599785201568
25.929214810886624
25.825251015138893
25.92879973698814
26.01481480972011
26.06522000010864
26.109956417403286
26.014814813039024
26.01481481384073
26.014814818599426
26.014814818079486
26.014814819051267
26.01481482585783
26.014814827092206
26.014814826287836
26.014814826287836
26.014814827939922
30.343776900495797
38.13989125338367
37.82371902932523
22.531728069756294
37.934092705480644
23.019551304334186

20.0000000339009
20.000000037790006
20.000000030030765
20.00000002138278
20.00000002003184
20.00000003164539
20.0000000352563
20.00000000595975
20.000000002968836
19.999999999977927
20.00000003192663
20.00000003896633
20.000000044932715
20.0000000516663
20.00000008158091
20.00000005557317
20.00000008848935
20.000000088134623
20.000000085789765
20.0000000859891
20.000000087377693
20.000000087460418
20.000000085848157
20.000000080696488
20.00000009247488
20.000000093108373
20.000000098461225
20.000000099148473
20.000000098414223
20.00000009846246
20.000000095937626
20.00000010005331
20.00000008770652
20.00000009294702
20.00000009466562
20.000000094601457
20.000000093167635
20.000000095763024
20.00000009301586
20.000000091885823
20.000000091568808
20.00000008778787
20.000000088518426
20.00000008360918
20.000000081054928
20.0000000772504
20.000000069784065
20.000000081036713
20.000000079609194
20.000000084475957
20.000000086442988
20.000000087121812
20.000000086930424
20.000000087908823
20.000000089445475
20.00000008930105
20.000000087946415
20.000000088309527
20.00000009362739
20.000000095121464
20.000000095152064
20.000000094663584
20.00000009545614
20.00000009616411
20.000000098061225
20.000000090319954
20.000000093381438
20.00000010369116
20.00000000729418
20.000000089079716
20.00000008822869
20.00000008461652
20.00000008822869
20.000000131921137
20.000000144257925
20.000000228675788
20.00000034548703
20.00000033818407
20.0000003217546
20.00000027302713
20.000000163853255
20.00000031574106
20.000000314348185
20.000000310904245
20.000000307907786
20.00000030807059
20.000000308070593
20.00000030179385
20.00000029877155
20.00000029827375
20.00000029814126
20.0000002975734
20.000000298914525
20.000000298313186
20.000000299448732
20.00000029920048
20.000000288270215
20.000000285711383
20.000000288421482
20.000000296326004
20.000000300985644
20.000000303538418
20.00000029911229
20.00000029961566
20.00000030371826
20.00000030321669
20.000000304147726
20.000000309537775
20.000000310662937
20.000000309790416
20.000000309790416
20.000000311348472
20.000000090315844
20.000000100937097
20.00000010094407
20.000000103853964
20.000000040524387
20.000000184937925

20.00000001534745
20.00000001657766
20.000000012698276
20.000000009420948
20.000000008983424
20.000000014653352
20.00000001605664
20.000000005305633
20.000000002601627
19.99999999989763
20.000000011795304
20.00000001613558
20.000000015754193
20.00000001912343
20.000000022522975
20.000000019227645
20.00000002312003
20.000000024397576
20.00000002372121
20.000000022397277
20.00000002261622
20.000000021394406
20.00000001771577
20.0000000125797
20.000000021406755
20.000000020574795
20.000000028135386
20.000000029358116
20.00000002925248
20.000000022415183
20.0000000270892
20.000000029644372
20.00000002394282
20.000000024307866
20.000000025800457
20.00000002578637
20.000000024117288
20.000000022763654
20.000000025573176
20.000000025437014
20.00000002586207
20.000000024301563
20.00000002356268
20.000000023943983
20.00000002331147
20.000000022969754
20.000000020955866
20.000000023475362
20.00000002122865
20.000000024346257
20.00000002437776
20.000000024573048
20.000000023127733
20.000000023109614
20.000000024130166
20.000000024246674
20.00000002494237
20.000000024954645
20.000000023354527
20.000000023001196
20.000000022778465
20.0000000229082
20.00000002296796
20.000000022523338
20.000000021273724
20.000000021121792
20.0000000229587
20.00000002124348
20.000000012966638
20.00000001783936
20.000000017359355
20.00000001507038
20.000000017359355
20.00000002251113
20.00000002310764
20.000000031759328
20.00000003952696
20.000000040193843
20.00000003891768
20.000000033920827
20.000000025804773
20.000000040163698
20.000000041047656
20.00000004139278
20.000000040243
20.000000040402586
20.000000040402586
20.000000037250558
20.000000036404142
20.00000003638321
20.00000003688022
20.000000037271143
20.00000003957458
20.000000039833864
20.00000004009037
20.00000003880368
20.000000038036454
20.000000040203854
20.000000038238248
20.00000004164203
20.00000004366583
20.00000004390803
20.000000044234202
20.000000044654797
20.00000004851032
20.00000004801684
20.000000048929788
20.000000053836025
20.00000005492342
20.000000054047273
20.000000054047273
20.00000005556452
20.00000002430582
20.000000030520255
20.00000003053239
20.000000021403068
20.00000001765283
20.00000002817002

20.000000528987254
20.000000737876583
20.000000438136734
19.999999886556267
19.999999943383344
20.00000040179222
20.00000057722743
19.999999999282892
19.99999999867605
19.999999998069203
19.999999374779428
20.00000086562533
19.99999956431899
20.00000068775221
20.000000194612078
20.00000066638894
20.000000235068327
20.000000204466716
20.00000017330713
20.00000006974877
19.999999995756486
19.999999909865966
19.999999767485885
19.999999753018844
20.00000002346774
20.000000048763827
20.000000429347384
20.00000043167374
20.000000432858002
20.000000109639853
20.000000431456094
20.000000556610278
20.000000152068946
20.00000010403968
20.00000010481938
20.00000010496484
20.00000010244118
20.000000090373945
20.000000092899647
20.00000008663014
20.000000082010608
20.000000067569363
20.000000084799673
20.000000058660948
20.000000047879904
20.000000039895394
20.000000032402678
20.000000038070024
20.0000000349259
20.00000003773243
20.00000003697009
20.00000003696668
20.000000035047705
20.00000003475731
20.00000003593684
20.000000036058793
20.000000037357122
20.00000003718903
20.000000033469192
20.000000032581056
20.00000003230586
20.000000032525502
20.00000003238063
20.00000003163776
20.000000029799136
20.000000031629252
20.000000033067455
20.00000001883858
20.00000000030522
19.99999993927917
19.999999923431833
19.999999841887867
19.999999923431833
19.999999967512604
19.999999975244926
19.999999988641843
20.000000004046797
20.00000000570364
20.00000000663886
20.000000008250733
20.000000015147958
20.000000008638843
20.000000009725994
20.000000010577132
20.000000009720896
20.000000009872277
20.000000009872277
20.00000000735929
20.00000000690118
20.00000000694289
20.000000007505673
20.000000008009586
20.000000010277187
20.000000010639667
20.000000010782994
20.000000009503275
20.00000001021079
20.000000012489117
20.000000010373356
20.0000000126876
20.000000013944554
20.0000000136042
20.00000001487142
20.000000015156363
20.000000018476218
20.000000018004393
20.000000018870832
20.000000022810788
20.00000002381686
20.00000002296515
20.000000022965153
20.000000024381404
20.00000027669791
20.000000504567844
20.000000495589532
20.000000018989958
20.000000867041585
19.999999982364024

20.000000033352254
20.000000044045187
20.000000026843257
19.99999999834454
20.000000000757897
20.0000000274926
20.000000036827135
20.000000001391893
20.000000000230155
19.999999999068418
19.999999975341805
20.00000004964743
19.999999985278738
20.00000004103972
20.000000014820635
20.00000003916304
20.00000001500043
20.00000001553928
20.00000001460589
20.000000012416045
20.0000000118824
20.000000010008385
20.000000005523372
19.999999992045726
20.000000009351382
20.000000008175764
20.000000019111745
20.000000020398698
20.00000002051703
20.000000008580308
20.00000001890068
20.000000021624622
20.000000013094407
20.000000010210904
20.000000011424362
20.000000011428387
20.000000009890734
20.000000007831595
20.000000010673798
20.00000001039459
20.000000010552817
20.00000000895888
20.000000009060656
20.00000000890708
20.000000008035727
20.000000007669577
20.000000006062276
20.000000007779672
20.000000005802733
20.000000008161354
20.000000008092748
20.000000008213842
20.000000006850257
20.00000000685697
20.000000007721237
20.00000000784285
20.000000008558562
20.00000000854217
20.000000006715254
20.000000006298432
20.00000000608286
20.00000000624369
20.00000000622715
20.000000005762892
20.000000004623264
20.00000000495704
20.00000000639527
20.00000000387171
20.00000000192193
20.00000000005475
19.999999999526285
19.99999999595561
19.999999999526285
20.00000000227037
20.00000000210088
20.000000004766637
20.000000004977043
20.00000000601251
20.000000005861303
20.00000000441182
20.00000000408874
20.00000000676793
20.00000000746853
20.000000007951414
20.000000006950167
20.00000000709213
20.00000000709213
20.000000004450087
20.000000003881073
20.000000003877215
20.00000000437622
20.00000000478904
20.000000006894787
20.00000000721685
20.000000007484086
20.000000006517535
20.000000006473446
20.000000007791694
20.00000000661985
20.00000000864484
20.000000009784394
20.00000000943489
20.000000010470092
20.00000001067283
20.00000001350291
20.000000013057832
20.000000013870228
20.00000001701703
20.00000001794366
20.00000001714655
20.00000001714655
20.00000001845204
20.00000001596086
20.00000002185929
20.000000021779382
20.00000000401367
20.00000005095292
20.00000000411505

