1.1473891813399774e-8
1.1473891813399774e-8
1.1473891813399774e-8
1.1473891813399774e-8
1.1473891813399774e-8
1.1473891813399774e-8
1.1473891813399774e-8
1.1473891813399774e-8
1.1473891813399774e-8
1.1473891813399774e-8
1.1473891813399774e-8
1.1473891813399774e-8
1.1473891813399774e-8
1.1473891813399774e-8
1.1473891813399774e-8
1.1473891813399774e-8
1.1473891813399774e-8
1.1473891813399774e-8
1.1473891813399774e-8
1.1473891813399774e-8
1.1473891813399774e-8
1.1473891813399774e-8
1.1473891813399774e-8
1.1473891813399774e-8
