0.0895173540557285
1.7043484951846288e-8
3.020746516465581e-8
2.6509986524583564e-7
1.2268008277375105e-8
1.1196715370400455e-7
4.437850759285879e-8
0.47266634672672797
1.8253812906622154e-8
0.24392886206817976
3.073889738197144e-8
6.307258605783364e-8
2.5389393893799244e-8
0.0015835637399375655
2.181628810321604e-8
3.741679447569784e-8
3.7243031615547077e-7
1.4594566044945984e-7
7.47659958734972e-7
6.953756523344984e-9
2.593430471720835e-8
2.927636913055601e-8
1.140738676899652e-7
6.481814036523821e-8
